CONT     POT     RAD
STRONTIUM
   0 0.001  0.00001 441   1  50   0   0.000000000   1.000000000   1.00000
 1.00000 .98952 .97880 .96802 .95728 .94665 .93617 .92588 .91578 .90588
  .89617 .87734 .85923 .84182 .82510 .80905 .79364 .77884 .76462 .75091
  .73768 .71246 .68869 .66620 .64487 .62461 .60532 .58693 .56938 .55259
  .53652 .50643 .47886 .45362 .43046 .40914 .38939 .37104 .35395 .33802
  .32316 .29642 .27318 .25292 .23514 .21942 .20540 .19285 .18155 .17139
  .16225 .14665 .13390 .12320 .11396 .10581 .09853 .09199 .08608 .08073
  .07585 .06732 .06015 .05408 .04899 .04477 .04132 .03855 .03631 .03449
  .03296 .03047 .02840 .02657 .02632 .02632 .02632 .02632 .02632 .02632
  .02632 .02632 .02632 .02632 .02632 .02632 .02632 .02632 .02632 .02632
  .02632 .02632 .02632 .02632 .02632 .02632 .02632 .02632 .02632 .02632
  .02632 .02632 .02632 .02632 .02632 .02632 .02632 .02632 .02632 .02632
  38   8   1  0.000000
 100  2.000000 -1157.2000
 200  2.000000  -156.2700
 210  6.000000  -143.0600
 300  2.000000   -24.8200
 310  6.000000   -19.8660
 320 10.000000   -10.7770
 400  2.000000    -3.3055
 410  6.000000    -2.0351
 500  2.000000    -0.3682
  -1