CONT     POT     RAD
IODINE
   0 0.001  0.000001 441   1  50   0   0.000000000   1.000000000   1.00000
 1.00000 .98902 .97783 .96664 .95556 .94465 .93397 .92351 .91327 .90327
  .89348 .87454 .85643 .83911 .82257 .80674 .79155 .77694 .76284 .74920
  .73600 .71076 .68697 .66449 .64321 .62304 .60391 .58576 .56853 .55219
  .53667 .50789 .48173 .45779 .43580 .41554 .39682 .37947 .36333 .34825
  .33410 .30826 .28529 .26493 .24690 .23076 .21618 .20281 .19046 .17909
  .16857 .14990 .13402 .12047 .10864 .09882 .09014 .08261 .07609 .07043
  .06550 .05737 .05091 .04560 .04112 .03728 .03396 .03107 .02853 .02628
  .02427 .02087 .01887 .01887 .01887 .01887 .01887 .01887 .01887 .01887
  .01887 .01887 .01887 .01887 .01887 .01887 .01887 .01887 .01887 .01887
  .01887 .01887 .01887 .01887 .01887 .01887 .01887 .01887 .01887 .01887
  .01887 .01887 .01887 .01887 .01887 .01887 .01887 .01887 .01887 .01887
  53   9   2  0.000000
 100  2.000000 -2340.3000
 200  2.000000  -355.3900
 210  6.000000  -334.9000
 300  2.000000   -72.5290
 310  6.000000   -63.7610
 320 10.000000   -47.3140
 400  2.000000   -13.0230
 410  6.000000    -9.9030
 420 10.000000    -4.5206
 500  2.000000    -1.4296
 510  5.000000    -0.7341
  -1