CONT     POT     RAD
THALLIUM
   0 0.001  0.000001 441   1  50   0   0.000000000   1.000000000   1.00000
 1.00000 .98834 .97652 .96479 .95327 .94202 .93104 .92033 .90989 .89970
  .88977 .87064 .85245 .83511 .81850 .80253 .78712 .77224 .75785 .74391
  .73042 .70464 .68039 .65753 .63599 .61566 .59643 .57819 .56085 .54432
  .52853 .49898 .47182 .44674 .42349 .40191 .38188 .36528 .34599 .32986
  .31478 .28738 .26325 .24195 .22321 .20664 .19193 .17878 .16697 .15631
  .14066 .12999 .11613 .10439 .09427 .08544 .07770 .07090 .06491 .05963
  .05498 .04720 .04105 .03613 .03215 .02891 .02624 .02403 .02217 .02059
  .01924 .01701 .01526 .01382 .01262 .01235 .01235 .01235 .01235 .01235
  .01235 .01235 .01235 .01235 .01235 .01235 .01235 .01235 .01235 .01235
  .01235 .01235 .01235 .01235 .01235 .01235 .01235 .01235 .01235 .01235
  .01235 .01235 .01235 .01235 .01235 .01235 .01235 .01235 .01235 .01235
  81  13   2  0.000000
 100  2.000000 -5861.5000
 200  2.000000  -958.5500
 210  6.000000  -923.9600
 300  2.000000  -228.4700
 310  6.000000  -211.8000
 320 10.000000  -180.4300
 400  2.000000   -50.5130
 410  6.000000   -43.1550
 420 10.000000   -29.4950
 430 14.000000   -10.9270
 500  2.000000    -8.1999
 510  6.000000    -5.7368
 520 10.000000    -1.7644
 600  2.000000    -0.7302
 610  1.000000    -0.3393
  -1