CONT     POT     RAD
KRYPTON
   0 0.001  0.00001 441   1  50   0   0.000000000   1.000000000   1.00000
 1.00000 .98958 .97892 .96819 .95748 .94688 .93642 .92614 .91604 .90613
  .89642 .87756 .85941 .84195 .82516 .80902 .79352 .77862 .76430 .75051
  .73719 .71184 .68796 .66536 .64593 .62355 .60415 .58564 .56796 .55105
  .53486 .50445 .47648 .45078 .42717 .40540 .38525 .36651 .34902 .33266
  .31736 .28967 .26547 .24431 .22577 .20943 .19492 .18195 .17029 .15976
  .15022 .13376 .12024 .10906 .09965 .09154 .08441 .07807 .07238 .06725
  .06263 .05466 .04811 .04268 .03811 .03424 .03092 .02805 .02778 .02778
  .02778 .02778 .02778 .02778 .02778 .02778 .02778 .02778 .02778 .02778
  .02778 .02778 .02778 .02778 .02778 .02778 .02778 .02778 .02778 .02778
  .02778 .02778 .02778 .02778 .02778 .02778 .02778 .02778 .02778 .02778
  .02778 .02778 .02778 .02778 .02778 .02778 .02778 .02778 .02778 .02778
  36   6   2  0.000000
 100  2.000000 -1030.6000
 200  2.000000  -135.5300
 210  6.000000  -123.2500
 300  2.000000   -19.7280
 310  6.000000   -15.2490
 320 10.000000    -7.0975
 400  2.000000    -1.9456
 410  6.000000    -0.9519
  -1