CONT     POT     RAD
SILVER
   0 0.001  0.000001 441   1  50   0   0.000000000   1.000000000   1.00000
 1.00000 .98917 .97811 .96703 .95603 .94519 .93454 .92410 .91388 .90387
  .89408 .87510 .85691 .83948 .82279 .80682 .79150 .77678 .76259 .74888
  .73561 .71026 .68633 .66369 .64224 .62187 .60250 .58406 .56651 .54979
  .53388 .50430 .47741 .45282 .43021 .40934 .39004 .37217 .35558 .34016
  .32578 .29971 .27661 .25593 .23737 .22074 .20586 .19248 .18033 .16918
  .15886 .14032 .12423 .11031 .09833 .08807 .07927 .07173 .06525 .05965
  .05480 .04688 .04077 .03595 .03211 .02898 .02642 .02429 .02251 .02128
  .02128 .02128 .02128 .02128 .02128 .02128 .02128 .02128 .02128 .02128
  .02128 .02128 .02128 .02128 .02128 .02128 .02128 .02128 .02128 .02128
  .02128 .02128 .02128 .02128 .02128 .02128 .02128 .02128 .02128 .02128
  .02128 .02128 .02128 .02128 .02128 .02128 .02128 .02128 .02128 .02128
  47   9   1  0.000000
 100  2.000000 -1815.0000
 200  2.000000  -263.9600
 210  6.000000 -246.24600
 300  2.000000   -48.8860
 310  6.000000   -41.6910
 320 10.000000   -28.2530
 400  2.000000    -6.9250
 410  6.000000    -4.6240
 420 10.000000    -0.9300
 500  1.000000    -0.4724
  -1