CONT     POT     RAD
CADMIUM
   0 0.001  0.00001 441   1  50   0   0.000000000   1.000000000   1.00000
 1.00000 .98914 .97806 .96695 .95593 .94508 .93442 .92397 .91375 .90374
  .89394 .87496 .85678 .83936 .82270 .80674 .79145 .77674 .76256 .74887
  .73560 .71025 .68633 .66371 .64228 .62193 .60258 .58418 .56667 .55000
  .53415 .50469 .47791 .45342 .43091 .41013 .39093 .37314 .35663 .34128
  .32695 .30092 .27780 .25711 .23858 .22202 .20720 .19385 .18168 .17047
  .16008 .14144 .12532 .11146 .09960 .08945 .08077 .07331 .06690 .06134
  .05651 .04861 .04249 .03770 .03389 .03082 .02830 .02620 .02442 .02289
  .02155 .02083 .02083 .02083 .02083 .02083 .02083 .02083 .02083 .02083
  .02083 .02083 .02083 .02083 .02083 .02083 .02083 .02083 .02083 .02083
  .02083 .02083 .02083 .02083 .02083 .02083 .02083 .02083 .02083 .02083
  .02083 .02083 .02083 .02083 .02083 .02083 .02083 .02083 .02083 .02083
  48   9   1  0.000000
 100  2.000000 -1897.7000
 200  2.000000  -278.0800
 210  6.000000  -260.0800
 300  2.000000   -52.3930
 310  6.000000   -44.9400
 320 10.000000   -31.0050
 400  2.000000    -7.7450
 410  6.000000    -5.3130
 420 10.000000    -1.3439
 500  2.000000    -0.5670
  -1