CONT     POT     RAD
RADON
   0 0.001  0.00001 441   1  50   0   0.000000000   1.000000000   1.00000
 1.00000 .98827 .97640 .96463 .95310 .94183 .93084 .92013 .90969 .89952
  .88960 .87052 .85238 .83508 .81850 .80255 .78716 .77230 .75793 .74402
  .73055 .70485 .68068 .65795 .63654 .61633 .59722 .57908 .56183 .54538
  .52967 .50027 .47324 .44830 .42524 .40390 .38416 .36586 .34887 .33303
  .31823 .29144 .26798 .24742 .22933 .21330 .19899 .18617 .17463 .16424
  .15485 .13857 .12482 .11298 .10264 .09356 .08556 .07848 .07220 .06661
  .06163 .05324 .04657 .04123 .03687 .03324 .03016 .02750 .02518 .02315
  .02135 .01833 .01588 .01388 .01220 .01163 .01163 .01163 .01163 .01163
  .01163 .01163 .01163 .01163 .01163 .01163 .01163 .01163 .01163 .01163
  .01163 .01163 .01163 .01163 .01163 .01163 .01163 .01163 .01163 .01163
  .01163 .01163 .01163 .01163 .01163 .01163 .01163 .01163 .01163 .01163
  86  13   2  0.000000
 100  2.000000 -6437.8000
 200  2.000000 -1102.7000
 210  6.000000 -1065.4000
 300  2.000000  -270.6700
 310  6.000000  -252.4800
 320 10.000000  -218.2200
 400  2.000000   -64.3420
 410  6.000000   -56.0970
 420 10.000000   -40.7080
 430 14.000000   -19.5200
 500  2.000000   -12.5170
 510  6.000000    -9.5150
 520 10.000000    -4.4020
 600  2.000000    -1.4930
 610  6.000000    -0.7867
  -1