CONT     POT     RAD
RHENIUM
   0 0.001  0.000001 441   1  50   0   0.000000000   1.000000000   1.00000
 1.00000 .90845 .97673 .96509 .95363 .94243 .93149 .92082 .91040 .90023
  .89031 .87119 .85300 .83566 .81907 .80312 .78776 .77292 .75857 .74467
  .73120 .70548 .68125 .65839 .63682 .61645 .59718 .57893 .56160 .54509
  .52933 .49985 .47278 .44779 .42463 .40308 .38301 .36431 .34688 .33062
  .31543 .28779 .26328 .24150 .22217 .20505 .18988 .17640 .16440 .15364
  .14398 .12737 .11371 .10235 .09278 .08458 .07746 .07121 .06568 .06076
  .05637 .04892 .04288 .03795 .03389 .03054 .02776 .02543 .02347 .02180
  .02037 .01803 .01618 .01467 .01340 .01333 .01333 .01333 .01333 .01333
  .01333 .01333 .01333 .01333 .01333 .01333 .01333 .01333 .01333 .01333
  .01333 .01333 .01333 .01333 .01333 .01333 .01333 .01333 .01333 .01333
  .01333 .01333 .01333 .01333 .01333 .01333 .01333 .01333 .01333 .01333
  75  12   2  0.000000
 100  2.000000 -4839.4000
 200  2.000000  -801.9000
 210  6.000000  -770.4200
 300  2.000000  -185.2000
 310  6.000000  -170.3300
 320 10.000000  -142.3600
 400  2.000000   -38.1850
 410  6.000000   -31.8510
 420 10.000000   -20.2010
 430 14.000000    -4.7650
 500  2.000000    -5.5715
 510  6.000000    -3.6583
 520  5.000000    -0.7806
 600  2.000000    -0.5027
  -1