CONT     POT     RAD
FRANCIUM
   0 0.001  0.000001 441   1  50   0   0.000000000   1.000000000   1.00000
 1.00000 .98827 .97639 .96462 .95308 .94181 .93083 .92013 .90969 .89952
  .88961 .87055 .85243 .83515 .81858 .80264 .78726 .77241 .75806 .74416
  .73071 .70504 .68091 .65822 .63685 .61669 .59762 .57952 .56230 .54588
  .53020 .50086 .47390 .44903 .42604 .40479 .38514 .36694 .35003 .33428
  .31957 .29297 .26971 .24934 .23141 .21552 .20133 .18862 .17719 .16691
  .15762 .14149 .12783 .11604 .10574 .09670 .08873 .08168 .07542 .06987
  .06493 .05666 .05013 .04488 .04057 .03694 .03382 .03111 .02872 .02660
  .02471 .02147 .01881 .01659 .01477 .01329 .01149 .01149 .01149 .01149
  .01149 .01149 .01149 .01149 .01149 .01149 .01149 .01149 .01149 .01149
  .01149 .01149 .01149 .01149 .01149 .01149 .01149 .01149 .01149 .01149
  .01149 .01149 .01149 .01149 .01149 .01149 .01149 .01149 .01149 .01149
  87  15   1  0.000000
 100  2.000000 -6595.2000
 200  2.000000 -1133.1000
 210  6.000000 -1095.4000
 300  2.000000  -279.9700
 310  6.000000  -261.4600
 320 10.000000  -226.6200
 400  2.000000   -67.6750
 410  6.000000   -59.2490
 420 10.000000   -43.5100
 430 14.000000   -21.7970
 500  2.000000   -13.8020
 510  6.000000   -10.6890
 520 10.000000    -5.3476
 600  2.000000    -1.9516
 610  6.000000    -1.1573
 700  1.000000    -0.2506
  -1