CONT     POT     RAD
COBALT
   0 0.001  0.000001 441   1  50   0   0.000000000   1.000000000   1.00000
 1.00000 .99018 .98012 .96994 .95974 .94959 .93953 .92960 .91982 .91020
  .90075 .88234 .86460 .84748 .83097 .81503 .79966 .78484 .77056 .75681
  .74357 .71850 .69510 .67309 .65231 .63259 .61384 .59599 .57898 .56273
  .54720 .51807 .49120 .46627 .44307 .42148 .40133 .38263 .36528 .34913
  .33405 .30657 .28197 .25974 .23963 .22145 .20507 .19034 .17710 .16520
  .15451 .13619 .12118 .10877 .09839 .08966 .08226 .07597 .07060 .06601
  .06205 .05562 .05061 .04657 .04321 .04032 .03781 .03704 .03704 .03704
  .03704 .03704 .03704 .03704 .03704 .03704 .03704 .03704 .03704 .03704
  .03704 .03704 .03704 .03704 .03704 .03704 .03704 .03704 .03704 .03704
  .03704 .03704 .03704 .03704 .03704 .03704 .03704 .03704 .03704 .03704
  .03704 .03704 .03704 .03704 .03704 .03704 .03704 .03704 .03704 .03704
  27   5   2  0.000000
 100  2.000000  -558.8900
 200  2.000000   -66.6480
 210  6.000000   -58.3580
 300  2.000000    -7.8785
 310  6.000000    -5.3200
 320  7.000000    -1.0415
 400  2.000000    -0.5647
  -1