CONT     POT     RAD
PALLADIUM
   0 0.001  0.00001 441   1  50   0   0.000000000   1.000000000   1.00000
 1.00000 .98920 .97817 .96711 .95613 .94530 .93466 .92423 .91402 .90402
  .89423 .87525 .85705 .83961 .82291 .80692 .79158 .77685 .76265 .74894
  .73566 .71030 .68637 .66372 .64226 .62187 .60248 .58402 .56643 .54968
  .53372 .50402 .47702 .45233 .42963 .40868 .38930 .37133 .35466 .33917
  .32474 .29862 .27553 .25489 .23634 .21968 .20475 .19133 .17920 .16810
  .15787 .13948 .12345 .10950 .09741 .08699 .07803 .07032 .06369 .05796
  .05301 .04495 .03876 .03392 .03006 .02693 .02434 .02218 .02174 .02174
  .02174 .02174 .02174 .02174 .02174 .02174 .02174 .02174 .02174 .02174
  .02174 .02174 .02174 .02174 .02174 .02174 .02174 .02174 .02174 .02174
  .02174 .02174 .02174 .02174 .02174 .02174 .02174 .02174 .02174 .02174
  .02174 .02174 .02174 .02174 .02174 .02174 .02174 .02174 .02174 .02174
  46   8   1  0.000000
 100  2.000000 -1734.3000
 200  2.000000  -250.2800
 210  6.000000  -233.2600
 300  2.000000   -45.5580
 310  6.000000   -38.6190
 320 10.000000   -25.6740
 400  2.000000    -6.1850
 410  6.000000    -4.0090
 420 10.000000    -0.5861
  -1