CONT     POT     RAD
MENDELEVIUM
   0 0.001  0.000001 441   1  50   0   0.000000000   1.000000000   1.00000
 1.00000 .98807 .97603 .96413 .95250 .94117 .93014 .91939 .90894 .89876
  .88885 .86982 .85173 .83443 .81783 .80184 .78642 .77152 .75713 .74321
  .72974 .70409 .68003 .65743 .63615 .61605 .59699 .57888 .56164 .54519
  .52949 .50011 .47318 .44847 .42577 .40489 .38562 .36776 .35117 .33575
  .32138 .29544 .27265 .25239 .23426 .21800 .20340 .19023 .17823 .16722
  .15705 .13894 .12344 .11019 .09889 .08922 .08092 .07379 .06763 .06230
  .05764 .04995 .04387 .03895 .03488 .03147 .02856 .02607 .02390 .02203
  .02040 .01779 .01585 .01440 .01329 .01240 .00990 .00990 .00990 .00990
  .00990 .00990 .00990 .00990 .00990 .00990 .00990 .00990 .00990 .00990
  .00990 .00990 .00990 .00990 .00990 .00990 .00990 .00990 .00990 .00990
  .00990 .00990 .00990 .00990 .00990 .00990 .00990 .00990 .00990 .00990
 101 16   1  0.000000
 100  2.000000 -8991.3000
 200  2.000000 -1594.4000
 210  6.000000 -1549.3000
 300  2.000000  -415.5300
 310  6.000000  -392.6200
 320 10.000000  -349.4800
 400  2.000000  -110.2500
 410  6.000000   -99.2200
 420 10.000000   -78.4370
 430 14.000000   -49.2340
 500  2.000000   -24.2310
 510  6.000000   -19.6650
 520 10.000000   -11.4890
 530 13.000000    -1.6808
 600  2.000000    -3.3062
 610  6.000000    -2.0449
 700  2.000000    -0.3531
  -1