CONT     POT     RAD
EUROPIUM
   0 0.001  0.000001 441   1  50   0   0.000000000   1.000000000   1.00000
 1.00000 .98877 .97735 .96596 .95472 .94370 .93292 .92238 .91209 .90204
  .89222 .87325 .85517 .83792 .82146 .80569 .79052 .77590 .76176 .74809
  .73484 .70953 .68569 .66318 .64191 .62180 .60278 .58479 .56775 .55159
  .53622 .50762 .48148 .45749 .43537 .41489 .39584 .37804 .36136 .34572
  .33106 .30445 .28100 .26009 .24121 .22407 .20850 .19437 .18157 .16997
  .15945 .14122 .12607 .11341 .10277 .09380 .08617 .07962 .07392 .06890
  .06444 .05685 .05062 .04541 .04098 .03719 .03392 .03110 .02868 .02663
  .02491 .02227 .02042 .01902 .01788 .01688 .01587 .01587 .01587 .01587
  .01587 .01587 .01587 .01587 .01587 .01587 .01587 .01587 .01587 .01587
  .01587 .01587 .01587 .01587 .01587 .01587 .01587 .01587 .01587 .01587
  .01587 .01587 .01587 .01587 .01587 .01587 .01587 .01587 .01587 .01587
  63  12   1  0.000000
 100  2.000000 -3364.6000
 200  2.000000  -536.7200
 210  6.000000  -511.2500
 300  2.000000  -118.4500
 310  6.000000  -106.9800
 320 10.000000   -85.4380
 400  2.000000   -23.4440
 410  6.000000   -18.9390
 420 10.000000   -10.8620
 430  7.000000    -1.0040
 500  2.000000    -3.2251
 510  6.000000    -2.0057
 600  2.000000    -0.3565
  -1