CONT     POT     RAD
INDIUM
   0 0.001  0.000001 441   1  50   0   0.000000000   1.000000000   1.00000
 1.00000 .98911 .97801 .96689 .95566 .94499 .93432 .92388 .91365 .90364
  .89385 .87488 .85671 .83931 .82267 .80674 .79147 .77679 .76263 .74895
  .73569 .71037 .68648 .66389 .64248 .62217 .60287 .58451 .56706 .55046
  .53468 .50537 .47873 .45436 .43196 .41131 .39222 .37454 .35813 .34286
  .32859 .30265 .27956 .25892 .24049 .22405 .20935 .19605 .18389 .17267
  .16226 .14364 .12763 .11393 .10225 .09228 .08374 .07640 .07006 .06455
  .05975 .05187 .04576 .04097 .03715 .03405 .03147 .02928 .02738 .02571
  .02423 .02169 .02041 .02041 .02041 .02041 .02041 .02041 .02041 .02041
  .02041 .02041 .02041 .02041 .02041 .02041 .02041 .02041 .02041 .02041
  .02041 .02041 .02041 .02041 .02041 .02041 .02041 .02041 .02041 .02041
  .02041 .02041 .02041 .02041 .02041 .02041 .02041 .02041 .02041 .02041
  49   9   2  0.000000
 100  2.000000 -1982.5000
 200  2.000000  -292.7600
 210  6.000000  -274.2700
 300  2.000000   -56.1730
 310  6.000000   -48.4590
 320 10.000000   -34.0250
 400  2.000000    -8.7430
 410  6.000000    -6.1780
 420 10.000000    -1.9269
 500  2.000000    -0.7451
 510  1.000000    -0.3452
  -1