CONT     POT     RAD
TANTALUM
   0 0.001  0.000001 441   1  50   0   0.000000000   1.000000000   1.00000
 1.00000 .98849 .97681 .96520 .95377 .94258 .93166 .92100 .91059 .90043
  .89052 .87140 .85321 .83587 .81928 .80336 .78801 .77319 .75885 .74497
  .73151 .70582 .68160 .65875 .63718 .61680 .59754 .57929 .56196 .54546
  .52972 .50029 .47326 .44833 .42522 .40373 .38368 .36498 .34753 .33124
  .31602 .28833 .26376 .24184 .22232 .20498 .18957 .17589 .16371 .15283
  .14307 .12636 .11268 .10135 .09188 .08384 .07693 .07090 .06559 .06088
  .05668 .04952 .04368 .03886 .03487 .03154 .02876 .02644 .02449 .02284
  .02143 .01913 .01732 .01582 .01454 .01370 .01370 .01370 .01370 .01370
  .01370 .01370 .01370 .01370 .01370 .01370 .01370 .01370 .01370 .01370
  .01370 .01370 .01370 .01370 .01370 .01370 .01370 .01370 .01370 .01370
  .01370 .01370 .01370 .01370 .01370 .01370 .01370 .01370 .01370 .01370
  73  12   2  0.000000
 100  2.000000 -4574.0000
 200  2.000000  -753.0800
 210  6.000000  -722.6200
 300  2.000000  -172.0400
 310  6.000000  -157.7500
 320 10.000000  -130.8900
 400  2.000000   -34.5970
 410  6.000000   -28.5940
 420 10.000000   -17.5930
 430 14.000000    -3.1990
 500  2.000000    -4.8525
 510  6.000000    -3.1151
 520  3.000000    -0.5875
 600  2.000000    -0.4664
  -1