CONT     POT     RAD
YTTRIUM
   0 0.001  0.000001 441   1  50   0   0.000000000   1.000000000   1.00000
 1.00000 .98948 .97873 .96792 .95715 .94650 .93601 .92570 .91560 .90569
  .89598 .87714 .85903 .84164 .82493 .80890 .79352 .77875 .76456 .75087
  .73766 .71246 .68870 .66623 .64491 .62467 .60540 .58703 .56949 .55273
  .53670 .50670 .47926 .45417 .43116 .40997 .39034 .37211 .35514 .33934
  .32463 .29819 .27523 .25518 .23755 .22190 .20792 .19536 .18407 .17392
  .16480 .14921 .13633 .12535 .11575 .10721 .09957 .09269 .08648 .08086
  .07577 .06692 .05957 .05349 .04848 .04440 .04108 .03838 .03614 .03424
  .03258 .02978 .02742 .02564 .02564 .02564 .02564 .02564 .02564 .02564
  .02564 .02564 .02564 .02564 .02564 .02564 .02564 .02564 .02564 .02564
  .02564 .02564 .02564 .02564 .02564 .02564 .02564 .02564 .02564 .02564
  .02564 .02564 .02564 .02564 .02564 .02564 .02564 .02564 .02564 .02564
  39   8   2  0.000000
 100  2.000000 -1223.0000
 200  2.000000  -166.9700
 210  6.000000  -153.2900
 300  2.000000   -27.2850
 310  6.000000   -22.0890
 320 10.000000   -12.5280
 400  2.000000    -3.7821
 410  6.000000    -2.3929
 420  1.000000    -0.4088
 500  2.000000    -0.4069
  -1