CONT     POT     RAD
PLATINUM
   0 0.001  0.00001 441   1  50   0   0.000000000   1.000000000   1.00000
 1.00000 .98839 .97661 .96491 .95342 .94219 .93122 .92052 .91008 .89990
  .88996 .87082 .85262 .83527 .81865 .80268 .78728 .77241 .75802 .74409
  .73059 .70481 .68054 .65765 .63606 .61568 .59641 .57814 .56077 .54422
  .52842 .49885 .47167 .44657 .42330 .40167 .38155 .36283 .34541 .32917
  .31397 .28633 .26188 .24024 .22112 .20421 .18921 .17586 .16390 .15313
  .14540 .12658 .11264 .10093 .09095 .08226 .07466 .06798 .06208 .05686
  .05224 .04451 .03841 .03353 .02960 .02640 .02376 .02156 .01971 .01814
  .01680 .01462 .01296 .01282 .01282 .01282 .01282 .01282 .01282 .01282
  .01282 .01282 .01282 .01282 .01282 .01282 .01282 .01282 .01282 .01282
  .01282 .01282 .01282 .01282 .01282 .01282 .01282 .01282 .01282 .01282
  .01282 .01282 .01282 .01282 .01282 .01282 .01282 .01282 .01282 .01282
  78  13   1  0.000000
 100  2.000000 -5251.3000
 200  2.000000  -877.8300
 210  6.000000  -844.8000
 300  2.000000  -205.6500
 310  6.000000  -189.8800
 320 10.000000  -160.2200
 400  2.000000   -43.5800
 410  6.000000   -36.7400
 420 10.000000   -24.0950
 430 14.000000    -7.0950
 500  2.000000    -6.3498
 510  6.000000    -4.1816
 520  9.000000    -0.8373
 600  1.000000    -0.4693
  -1