CONT     POT     RAD
ARSENIC
   0 0.001  0.000001 441   1  50   0   0.000000000   1.000000000   1.00000
 1.00000 .98973 .97923 .96863 .95805 .94755 .93719 .92698 .91695 .90710
  .89743 .87865 .86057 .84315 .82638 .81023 .79469 .77975 .76538 .75156
  .73822 .71287 .68903 .66650 .64513 .62481 .60546 .58701 .56939 .55253
  .53637 .50600 .47797 .45207 .42818 .40612 .38573 .36678 .34911 .33257
  .31703 .28872 .26374 .24176 .22245 .20549 .19057 .17739 .16568 .15524
  .14586 .12977 .11652 .10533 .09639 .08876 .08232 .07681 .07201 .06776
  .06396 .05738 .05185 .04711 .04302 .03945 .03632 .03356 .03111 .03030
  .03030 .03030 .03030 .03030 .03030 .03030 .03030 .03030 .03030 .03030
  .03030 .03030 .03030 .03030 .03030 .03030 .03030 .03030 .03030 .03030
  .03030 .03030 .03030 .03030 .03030 .03030 .03030 .03030 .03030 .03030
  .03030 .03030 .03030 .03030 .03030 .03030 .03030 .03030 .03030 .03030
  33   6   2  0.000000
 100  2.000000  -856.3000
 200  2.000000  -108.7300
 210  6.000000   -97.8200
 300  2.000000   -14.3500
 310  6.000000   -10.5870
 320 10.000000    -3.8229
 400  2.000000    -1.2754
 410  3.000000    -0.5826
  -1