CONT     POT     RAD
VANADIUM
   0 0.001  0.000001 441   1  50   0   0.000000000   1.000000000   1.00000
 1.00000 .99055 .98086 .97104 .96117 .95132 .94154 .93186 .92230 .91288
  .90362 .88555 .86811 .85127 .83500 .81929 .80410 .78943 .77526 .76159
  .74841 .72346 .70025 .67857 .65819 .63895 .62071 .60337 .58688 .57116
  .55617 .52819 .50256 .47894 .45705 .43664 .41754 .39965 .38292 .36730
  .35277 .32671 .30399 .28378 .26545 .24865 .23318 .21893 .20583 .19379
  .18275 .16332 .14692 .13300 .12110 .11085 .10200 .09434 .08771 .08199
  .07705 .06910 .06306 .05829 .05436 .05101 .04805 .04541 .04348 .04348
  .04348 .04348 .04348 .04348 .04348 .04348 .04348 .04348 .04348 .04348
  .04348 .04348 .04348 .04348 .04348 .04348 .04348 .04348 .04348 .04348
  .04348 .04348 .04348 .04348 .04348 .04348 .04348 .04348 .04348 .04348
  .04348 .04348 .04348 .04348 .04348 .04348 .04348 .04348 .04348 .04348
  23   5   2  0.000000
 100  2.000000  -396.9500
 200  2.000000   -45.2890
 210  6.000000   -38.6460
 300  2.000000    -5.5371
 310  6.000000    -3.6704
 320  3.000000    -0.7183
 400  2.000000    -0.4819
  -1