CONT     POT     RAD
YTTERBIUM
   0 0.001  0.00001 441   1  50   0   0.000000000   1.000000000   1.00000
 1.00000 .98856 .97693 .96536 .95397 .94282 .93192 .92128 .91089 .90074
  .89084 .87173 .85354 .83620 .81962 .80370 .78838 .77358 .75927 .74541
  .73198 .70632 .68214 .65931 .63774 .61736 .59809 .57984 .56252 .54604
  .53033 .50097 .47403 .44919 .42619 .40479 .38483 .36616 .34871 .33239
  .31713 .28939 .26475 .24269 .22291 .20521 .18940 .17530 .16272 .15148
  .14140 .12421 .11018 .09864 .08905 .08101 .07419 .06832 .06323 .05877
  .05482 .04816 .04275 .03827 .03450 .03129 .02855 .02622 .02426 .02262
  .02127 .01921 .01774 .01659 .01562 .01476 .01429 .01429 .01429 .01429
  .01429 .01429 .01429 .01429 .01429 .01429 .01429 .01429 .01429 .01429
  .01429 .01429 .01429 .01429 .01429 .01429 .01429 .01429 .01429 .01429
  .01429 .01429 .01429 .01429 .01429 .01429 .01429 .01429 .01429 .01429
  70  12   1  0.000000
 100  2.000000 -4190.3000
 200  2.000000  -682.8900
 210  6.000000  -653.9600
 300  2.000000  -153.3800
 310  6.000000  -139.9600
 320 10.000000  -114.7400
 400  2.000000   -29.5930
 410  6.000000   -24.0690
 420 10.000000   -14.0130
 430 14.000000    -1.1784
 500  2.000000    -3.7389
 510  6.000000    -2.2616
 600  2.000000    -0.3794
  -1