CONT     POT     RAD
AMERICIUM
   0 0.001  0.000001 441   1  50   0   0.000000000   1.000000000   1.00000
 1.00000 .98816 .97619 .96435 .95276 .94147 .93046 .91974 .90930 .89913
  .88923 .87020 .85212 .83485 .81827 .80232 .78693 .77208 .75771 .74382
  .73037 .70474 .68068 .65808 .63681 .61672 .59770 .57963 .56244 .54604
  .53038 .50107 .47416 .44940 .42662 .40564 .38628 .36834 .35169 .33619
  .32174 .29572 .27299 .25296 .23516 .21923 .20493 .19209 .18050 .16998
  .16033 .14318 .12637 .11553 .10439 .09472 .08632 .07900 .07262 .06705
  .06218 .05409 .04769 .04249 .03818 .03455 .03144 .02875 .02641 .02434
  .02252 .01951 .01721 .01550 .01425 .01330 .01083 .01083 .01083 .01083
  .01053 .01053 .01053 .01053 .01053 .01053 .01053 .01053 .01053 .01053
  .01053 .01053 .01053 .01053 .01053 .01053 .01053 .01053 .01053 .01053
  .01053 .01053 .01053 .01053 .01053 .01053 .01053 .01053 .01053 .01053
  95  16   1  0.000000
 100  2.000000 -7919.2000
 200  2.000000 -1387.6000
 210  6.000000 -1345.6000
 300  2.000000  -354.8900
 310  6.000000  -333.8900
 320 10.000000  -294.3400
 400  2.000000   -91.6300
 410  6.000000   -81.7340
 420 10.000000   -63.1430
 430 14.000000   -37.1840
 500  2.000000   -20.1570
 510  6.000000   -16.2090
 520 10.000000    -9.2260
 530  7.000000    -1.1654
 600  2.000000    -2.9680
 610  6.000000    -1.8674
 700  2.000000    -0.3387
  -1