CONT     POT     RAD
PLUTONIUM
   0 0.001  0.00001 441   1  50   0   0.000000000   1.000000000   1.00000
 1.00000 .98817 .97621 .96439 .95281 .94152 .93052 .91980 .90936 .89919
  .88929 .87026 .85218 .83491 .81835 .80240 .78702 .77217 .75781 .74392
  .73047 .70485 .68079 .65819 .63691 .61683 .59781 .57975 .56256 .54617
  .53052 .50122 .47432 .44956 .42676 .40577 .38639 .36844 .35177 .33626
  .32180 .29574 .27300 .25299 .23523 .21936 .20511 .19232 .18080 .17035
  .16079 .14384 .12920 .11649 .10544 .09582 .08744 .08012 .07373 .06814
  .06323 .05509 .04864 .04339 .03903 .03534 .03219 .02945 .02706 .02495
  .02308 .01999 .01762 .01584 .01454 .01355 .01101 .01101 .01101 .01101
  .01064 .01064 .01064 .01064 .01064 .01064 .01064 .01064 .01064 .01064
  .01064 .01064 .01064 .01064 .01064 .01064 .01064 .01064 .01064 .01064
  .01064 .01064 .01064 .01064 .01064 .01064 .01064 .01064 .01064 .01064
  94  16   1  0.000000
 100  2.000000 -7747.2000
 200  2.000000 -1354.5000
 210  6.000000 -1313.1000
 300  2.000000  -345.2000
 310  6.000000  -324.5100
 320 10.000000  -285.5600
 400  2.000000   -88.6300
 410  6.000000   -78.9180
 420 10.000000   -60.6890
 430 14.000000   -35.2650
 500  2.000000   -19.4670
 510  6.000000   -15.6230
 520 10.000000    -8.8380
 530  6.000000    -1.0727
 600  2.000000    -2.9033
 610  6.000000    -1.8311
 700  2.000000    -0.3357
  -1