CONT     POT     RAD
NIOBIUM
   0 0.001  0.000001 441   1  50   0   0.000000000   1.000000000   1.00000
 1.00000 .98940 .97857 .96768 .95685 .94615 .93562 .92528 .91514 .90521
  .89548 .87660 .85848 .84107 .82437 .80836 .79301 .77827 .76408 .75041
  .73719 .71196 .68817 .66566 .64432 .62405 .60475 .58637 .56882 .55206
  .53604 .50613 .47885 .45394 .43108 .41000 .39048 .37236 .35552 .33987
  .32532 .29918 .27642 .25645 .23872 .22287 .20863 .19580 .18428 .17393
  .16460 .14844 .13471 .12273 .11213 .10271 .09434 .08688 .08025 .07435
  .06908 .06017 .05300 .04720 .04248 .03862 .03543 .03278 .03054 .02863
  .02698 .02439 .02439 .02439 .02439 .02439 .02439 .02439 .02439 .02439
  .02439 .02439 .02439 .02439 .02439 .02439 .02439 .02439 .02439 .02439
  .02439 .02439 .02439 .02439 .02439 .02439 .02439 .02439 .02439 .02439
  .02439 .02439 .02439 .02439 .02439 .02439 .02439 .02439 .02439 .02439
  41   8   2  0.000000
 100  2.000000 -1359.9000
 200  2.000000  -189.0300
 210  6.000000  -174.4100
 300  2.000000   -32.1000
 310  6.000000   -26.4150
 320 10.000000   -15.9010
 400  2.000000    -4.4359
 410  6.000000    -2.8271
 420  4.000000    -0.4478
 500  1.000000    -0.4019
  -1