CONT     POT     RAD
TIN
   0 0.001  0.00001 441   1  50   0   0.000000000   1.000000000   1.00000
 1.00000 .98909 .97797 .96682 .95578 .94490 .93423 .92378 .91355 .90354
  .89375 .87479 .85663 .83926 .82264 .80674 .79149 .77683 .76269 .74901
  .73577 .71047 .68661 .66404 .64267 .62239 .60313 .58483 .56743 .55089
  .53518 .50601 .47950 .45525 .43296 .41241 .39343 .37585 .35953 .34432
  .33010 .30420 .28115 .26056 .24223 .22591 .21128 .19800 .18582 .17456
  .16414 .14552 .12958 .11600 .10442 .09453 .08604 .07871 .07235 .06682
  .06198 .05405 .04790 .04308 .03919 .03598 .03327 .03092 .02886 .02702
  .02537 .02253 .02017 .02000 .02000 .02000 .02000 .02000 .02000 .02000
  .02000 .02000 .02000 .02000 .02000 .02000 .02000 .02000 .02000 .02000
  .02000 .02000 .02000 .02000 .02000 .02000 .02000 .02000 .02000 .02000
  .02000 .02000 .02000 .02000 .02000 .02000 .02000 .02000 .02000 .02000
  50   9   2  0.000000
 100  2.000000 -2069.1000
 200  2.000000  -307.8200
 210  6.000000  -288.8300
 300  2.000000   -60.0680
 310  6.000000   -52.0930
 320 10.000000   -37.1590
 400  2.000000    -9.7610
 410  6.000000    -7.0600
 420 10.000000    -2.5262
 500  2.000000    -0.9192
 510  2.000000    -0.4370
  -1