CONT     POT     RAD
CHROMIUM
   0 0.001  0.00001 441   1  50   0   0.000000000   1.000000000   1.00000
 1.00000 .99043 .98063 .97069 .96071 .95076 .94089 .93112 .92148 .91199
  .90265 .88446 .86690 .84994 .83357 .81775 .80247 .78771 .77347 .75974
  .74650 .72144 .69811 .67626 .65570 .63625 .61778 .60022 .58350 .56755
  .55232 .52385 .49771 .47355 .45109 .43013 .41051 .39216 .37502 .35905
  .34420 .31744 .29387 .27269 .25341 .23576 .21957 .20476 .19124 .17891
  .16768 .14817 .13199 .11848 .10712 .09750 .08929 .08225 .07618 .07094
  .06639 .05897 .05327 .04880 .04521 .04226 .04167 .04167 .04167 .04167
  .04167 .04167 .04167 .04167 .04167 .04167 .04167 .04167 .04167 .04167
  .04167 .04167 .04167 .04167 .04167 .04167 .04167 .04167 .04167 .04167
  .04167 .04167 .04167 .04167 .04167 .04167 .04167 .04167 .04167 .04167
  .04167 .04167 .04167 .04167 .04167 .04167 .04167 .04167 .04167 .04167
  24   5   2  0.000000
 100  2.000000  -434.4500
 200  2.000000   -49.8230
 210  6.000000   -42.7790
 300  2.000000    -5.7114
 310  6.000000    -3.6910
 320  5.000000    -0.4789
 400  1.000000    -0.4312
  -1