CONT     POT     RAD
NEPTUNIUM
   0 0.001  0.000001 441   1  50   0   0.000000000   1.000000000   1.00000
 1.00000 .98819 .97625 .96444 .95287 .94159 .93060 .91989 .90946 .89929
  .88940 .87038 .85231 .83505 .81850 .80257 .78720 .77236 .75802 .74414
  .73071 .70510 .68107 .65848 .63723 .61717 .59817 .58014 .56298 .54661
  .53099 .50175 .47489 .45017 .42739 .40642 .38705 .36913 .35248 .33698
  .32254 .29652 .27383 .25390 .23625 .22049 .20638 .19372 .18233 .17203
  .16263 .14601 .13167 .11921 .10834 .09884 .09052 .08321 .07681 .07118
  .06623 .05797 .05136 .04593 .04137 .03748 .03412 .03120 .02865 .02640
  .02442 .02116 .01867 .01678 .01534 .01421 .01115 .01115 .01115 .01115
  .01075 .01075 .01075 .01075 .01075 .01075 .01075 .01075 .01075 .01075
  .01075 .01075 .01075 .01075 .01075 .01075 .01075 .01075 .01075 .01075
  .01075 .01075 .01075 .01075 .01075 .01075 .01075 .01075 .01075 .01075
  93  15   3  0.000000
 100  2.000000 -7577.5000
 200  2.000000 -1322.3000
 210  6.000000 -1281.3000
 300  2.000000  -336.1000
 310  6.000000  -315.7300
 320 10.000000  -277.3700
 400  2.000000   -86.1200
 410  6.000000   -76.5940
 420 10.000000   -58.7250
 430 14.000000   -33.8380
 500  2.000000   -19.2050
 510  6.000000   -15.4560
 520 10.000000    -8.8500
 600  2.000000    -3.0399
 610  6.000000    -1.9639
 530  4.000000    -1.2952
 620  1.000000    -0.4516
 700  2.000000    -0.3564
  -1