CONT     POT     RAD
OSMIUM
   0 0.001  0.00001 441   1  50   0   0.000000000   1.000000000   1.00000
 1.00000 .98843 .97669 .96503 .95357 .94236 .93141 .92073 .91030 .90013
  .89021 .87109 .85289 .83555 .81895 .80301 .78764 .77279 .75843 .74452
  .73105 .70531 .68107 .65821 .63663 .61627 .59701 .57876 .56142 .54490
  .52913 .49963 .47254 .44752 .42434 .40277 .38269 .36399 .34658 .33034
  .31516 .28754 .26307 .24136 .22212 .20510 .19003 .17663 .16468 .15397
  .14432 .12772 .11403 .10261 .09296 .08465 .07741 .07104 .06540 .06038
  .05591 .04834 .04224 .03728 .03322 .02987 .02710 .02479 .02284 .02118
  .01975 .01743 .01560 .01412 .01316 .01316 .01316 .01316 .01316 .01316
  .01316 .01316 .01316 .01316 .01316 .01316 .01316 .01316 .01316 .01316
  .01316 .01316 .01316 .01316 .01316 .01316 .01316 .01316 .01316 .01316
  .01316 .01316 .01316 .01316 .01316 .01316 .01316 .01316 .01316 .01316
  76  12   2  0.000000
 100  2.000000 -4974.9000
 200  2.000000  -826.9200
 210  6.000000  -794.9200
 300  2.000000  -191.9900
 310  6.000000  -176.8200
 320 10.000000  -148.2900
 400  2.000000   -40.0480
 410  6.000000   -33.5470
 420 10.000000   -21.5680
 430 14.000000    -5.6100
 500  2.000000    -5.9297
 510  6.000000    -3.9281
 520  6.000000    -0.8771
 600  2.000000    -0.5177
  -1