CONT     POT     RAD
LUTETIUM
   0 0.001  0.000001 441   1  50   0   0.000000000   1.000000000   1.00000
 1.00000 .98853 .97689 .96531 .95390 .94274 .93183 .92118 .91079 .90064
  .89073 .87162 .85343 .85609 .81950 .80359 .78825 .77345 .75913 .74526
  .73182 .70615 .68196 .65912 .63755 .61717 .59790 .57965 .56232 .54584
  .53012 .50073 .47376 .44889 .42585 .40442 .38442 .36574 .34828 .33197
  .31672 .28899 .26437 .24235 .22265 .20506 .18940 .17545 .16302 .15192
  .14197 .12500 .11114 .09972 .09022 .08223 .07542 .06954 .06441 .05989
  .05587 .04905 .04349 .03888 .03501 .03174 .02899 .02667 .02474 .02312
  .02177 .01964 .01802 .01669 .01555 .01453 .01408 .01408 .01408 .01408
  .01408 .01408 .01408 .01408 .01408 .01408 .01408 .01408 .01408 .01408
  .01408 .01408 .01408 .01408 .01408 .01408 .01408 .01408 .01408 .01408
  .01408 .01408 .01408 .01408 .01408 .01408 .01408 .01408 .01408 .01408
  71  12   2  0.000000
 100  2.000000 -4316.4000
 200  2.000000  -705.8900
 210  6.000000  -676.4500
 300  2.000000  -159.4600
 310  6.000000  -145.7500
 320 10.000000  -119.9900
 400  2.000000   -31.2110
 410  6.000000   -25.5300
 420 10.000000   -15.1640
 430 14.000000    -1.8092
 500  2.000000    -4.1225
 510  6.000000    -2.5588
 520  1.000000    -0.3905
 600  2.000000    -0.4160
  -1