CONT     POT     RAD
LANTHANUM
   0 0.001  0.000001 441   1  50   0   0.000000000   1.000000000   1.00000
 1.00000 .98896 .97771 .96648 .95537 .94446 .93378 .92333 .91311 .90313
  .89337 .87451 .85649 .83930 .82289 .80718 .79211 .77760 .76358 .75003
  .73691 .71184 .68824 .66595 .64489 .62496 .60609 .58823 .57132 .55531
  .54012 .51195 .48633 .46292 .44142 .42162 .40331 .38630 .37042 .35554
  .34158 .31612 .29372 .27401 .25645 .24057 .22606 .21272 .20046 .18918
  .17880 .16047 .14485 .13147 .11999 .11016 .10174 .09450 .08820 .08263
  .07765 .06902 .06176 .05556 .05022 .04560 .04158 .03810 .03509 .03251
  .03031 .02684 .02429 .02232 .02072 .01935 .01754 .01754 .01754 .01754
  .01754 .01754 .01754 .01754 .01754 .01754 .01754 .01754 .01754 .01754
  .01754 .01754 .01754 .01754 .01754 .01754 .01754 .01754 .01754 .01754
  .01754 .01754 .01754 .01754 .01754 .01754 .01754 .01754 .01754 .01754
  57  11   2  0.000000
 100  2.000000 -2729.5000
 200  2.000000  -425.5500
 210  6.000000  -403.0400
 300  2.000000   -92.0700
 310  6.000000   -82.2300
 320 10.000000   -63.7430
 400  2.000000   -18.9700
 410  6.000000   -15.2750
 420 10.000000    -8.7510
 500  2.000000    -2.9767
 510  6.000000    -1.9372
 520  1.000000    -0.4522
 600  2.000000    -0.3577
  -1