CONT     POT     RAD
LEAD
   0 0.001  0.00001 441   1  50   0   0.000000000   1.000000000   1.00000
 1.00000 .98832 .97649 .96476 .95324 .94198 .93100 .92029 .90985 .89966
  .88973 .87061 .85244 .83510 .81850 .80253 .78713 .77225 .75786 .74393
  .73044 .70468 .68044 .65761 .63609 .61578 .59658 .57836 .56103 .54452
  .52875 .49923 .47209 .44703 .42382 .40229 .38231 .36377 .34654 .33047
  .31545 .28817 .26416 .24304 .22445 .20802 .19341 .18035 .16860 .15800
  .14842 .13186 .11807 .10635 .09622 .08738 .07963 .07281 .06681 .06152
  .05684 .04899 .04275 .03774 .03368 .03038 .02766 .02540 .02350 .02186
  .02044 .01808 .01618 .01459 .01325 .01220 .01220 .01220 .01220 .01220
  .01220 .01220 .01220 .01220 .01220 .01220 .01220 .01220 .01220 .01220
  .01220 .01220 .01220 .01220 .01220 .01220 .01220 .01220 .01220 .01220
  .01220 .01220 .01220 .01220 .01220 .01220 .01220 .01220 .01220 .01220
  82  13   2  0.000000
 100  2.000000 -5828.9000
 200  2.000000  -986.5000
 210  6.000000  -951.4000
 300  2.000000  -236.5900
 310  6.000000  -219.6100
 320 10.000000  -187.6700
 400  2.000000   -53.1470
 410  6.000000   -45.6140
 420 10.000000   -31.6120
 430 14.000000   -12.5210
 500  2.000000    -9.0300
 510  6.000000    -6.4610
 520 10.000000    -2.2588
 600  2.000000    -0.8889
 610  2.000000    -0.4246
  -1