CONT     POT     RAD
FERMIUM
   0 0.001  0.000001 441   1  50   0   0.000000000   1.000000000   0.70000
 1.00000 .98809 .97605 .96417 .95255 .94123 .93020 .91946 .90901 .89883
  .88892 .86990 .85181 .83452 .81793 .80195 .78653 .77165 .75726 .74335
  .72989 .70424 .68019 .65760 .63633 .61624 .59719 .57909 .56187 .54544
  .52975 .50039 .47347 .44876 .42606 .40517 .38589 .36804 .35145 .33602
  .32166 .29574 .27299 .25280 .23476 .21857 .20404 .19095 .17905 .16814
  .15807 .14012 .12472 .11153 .10023 .09053 .08220 .07501 .06880 .06341
  .05870 .05092 .04475 .03974 .03560 .03212 .02916 .02661 .02440 .02248
  .02081 .01813 .01613 .01464 .01350 .01258 .01000 .01000 .01000 .01000
  .01000 .01000 .01000 .01000 .01000 .01000 .01000 .01000 .01000 .01000
  .01000 .01000 .01000 .01000 .01000 .01000 .01000 .01000 .01000 .01000
  .01000 .01000 .01000 .01000 .01000 .01000 .01000 .01000 .01000 .01000
 100 16   1  0.000000
 100  2.000000 -8807.9000
 200  2.000000 -1559.0000
 210  6.000000 -1514.4000
 300  2.000000  -405.1200
 310  6.000000  -382.5300
 320 10.000000  -339.9900
 400  2.000000  -107.0700
 410  6.000000   -96.2300
 420 10.000000   -75.8150
 430 14.000000   -47.1570
 500  2.000000   -23.5550
 510  6.000000   -19.0930
 520 10.000000   -11.1160
 530 12.000000    -1.5990
 600  2.000000    -3.2541
 610  6.000000    -2.0188
 700  2.000000    -0.3509
  -1