CONT     POT     RAD
MERCURY
   0 0.001  0.00001 441   1  50   0   0.000000000   1.000000000   1.00000
 1.00000 .98835 .97654 .96482 .95331 .94206 .93109 .92038 .90993 .89974
  .88981 .87067 .85247 .83512 .81850 .80253 .78712 .77223 .75784 .74390
  .73039 .70461 .68033 .65746 .63589 .61553 .59627 .57801 .56065 .54410
  .52830 .49872 .47153 .44642 .42314 .40152 .38144 .36278 .34542 .32923
  .31409 .28656 .26227 .24083 .22193 .20521 .19038 .17713 .16524 .15451
  .14480 .12800 .11404 .10225 .09210 .08326 .07551 .06869 .06269 .05739
  .05272 .04494 .03880 .03391 .02997 .02677 .02415 .02197 .02015 .01860
  .01729 .01517 .01353 .01250 .01250 .01250 .01250 .01250 .01250 .01250
  .01250 .01250 .01250 .01250 .01250 .01250 .01250 .01250 .01250 .01250
  .01250 .01250 .01250 .01250 .01250 .01250 .01250 .01250 .01250 .01250
  .01250 .01250 .01250 .01250 .01250 .01250 .01250 .01250 .01250 .01250
  80  13   1  0.000000
 100  2.000000 -5535.7000
 200  2.000000  -930.9800
 210  6.000000  -896.9200
 300  2.000000  -220.4900
 310  6.000000  -204.1200
 320 10.000000  -173.3300
 400  2.000000   -47.9340
 410  6.000000   -40.7490
 420 10.000000   -27.4300
 430 14.000000    -9.3860
 500  2.000000    -7.3714
 510  6.000000    -5.0123
 520 10.000000    -1.2703
 600  2.000000    -0.5653
  -1