CONT     POT     RAD
POLONIUM
   0 0.001  0.00001 441   1  50   0   0.000000000   1.000000000   1.00000
 1.00000 .98830 .97644 .96469 .95316 .94190 .93092 .92021 .90977 .89959
  .88966 .87056 .85241 .83509 .81850 .80254 .78714 .77227 .75789 .74397
  .73049 .70476 .68055 .65777 .63631 .61605 .59689 .57872 .56143 .54495
  .52921 .49974 .47266 .44766 .42452 .40308 .38322 .36480 .34769 .33174
  .31683 .28979 .26606 .24524 .22691 .21070 .19627 .18334 .17171 .16122
  .15174 .13536 .12164 .10990 .09969 .09077 .08293 .07602 .06991 .06451
  .05970 .05159 .04512 .03992 .03573 .03231 .02945 .02703 .02495 .02312
  .02151 .01878 .01655 .01469 .01311 .01190 .01190 .01190 .01190 .01190
  .01190 .01190 .01190 .01190 .01190 .01190 .01190 .01190 .01190 .01190
  .01190 .01190 .01190 .01190 .01190 .01190 .01190 .01190 .01190 .01190
  .01190 .01190 .01190 .01190 .01190 .01190 .01190 .01190 .01190 .01190
  84  13   2  0.000000
 100  2.000000 -6129.5000
 200  2.000000 -1043.7000
 210  6.000000 -1007.5000
 300  2.000000  -253.3100
 310  6.000000  -235.7200
 320 10.000000  -202.6300
 400  2.000000   -58.6110
 410  6.000000   -50.7240
 420 10.000000   -36.0320
 430 14.000000   -15.8930
 500  2.000000   -10.7360
 510  6.000000    -7.9520
 520 10.000000    -3.2927
 600  2.000000    -1.1934
 610  4.000000    -0.6035
  -1