CONT     POT     RAD
NEODYMIUM
   0 0.001  0.00001 441   1  50   0   0.000000000   1.000000000   1.00000
 1.00000 .98886 .97752 .96621 .95503 .94406 .93332 .92283 .91257 .90255
  .89276 .87384 .85578 .83856 .82212 .80638 .79126 .77669 .76261 .74899
  .73580 .71060 .68687 .66446 .64328 .62325 .60429 .58635 .56937 .55328
  .53800 .50960 .48370 .45998 .43815 .41798 .39927 .38183 .36551 .35019
  .33581 .30966 .28666 .26629 .24797 .23132 .21611 .20222 .18954 .17797
  .16741 .14897 .13349 .12043 .10938 .10001 .09203 .08518 .07923 .07400
  .06934 .06138 .05480 .04925 .04452 .04044 .03690 .03383 .03118 .02890
  .02697 .02399 .02190 .02034 .01909 .01802 .01667 .01667 .01667 .01667
  .01667 .01667 .01667 .01667 .01667 .01667 .01667 .01667 .01667 .01667
  .01667 .01667 .01667 .01667 .01667 .01667 .01667 .01667 .01667 .01667
  .01667 .01667 .01667 .01667 .01667 .01667 .01667 .01667 .01667 .01667
  60  12   1  0.000000
 100  2.000000 -3038.5000
 200  2.000000  -479.2800
 210  6.000000  -455.2900
 300  2.000000  -104.5900
 310  6.000000   -93.9500
 320 10.000000   -73.9440
 400  2.000000   -20.8940
 410  6.000000   -16.8040
 420 10.000000    -9.5280
 430  4.000000    -0.8678
 500  2.000000    -2.9917
 510  6.000000    -1.8814
 600  2.000000    -0.3455
  -1