CONT     POT     RAD
RUTHENIUM
   0 0.001  0.00001 441   1  50   0   0.000000000   1.000000000   1.00000
 1.00000 .98928 .97834 .96736 .95644 .94567 .93508 .92469 .91452 .90455
  .89479 .87587 .85772 .84031 .82362 .80764 .79232 .77760 .76344 .74976
  .73653 .71126 .68742 .66486 .64348 .62317 .60385 .58545 .56791 .55117
  .53522 .50550 .47846 .45377 .43109 .41016 .39079 .37284 .35619 .34072
  .32634 .30044 .27771 .25754 .23947 .22324 .20866 .19559 .18384 .17323
  .16353 .14629 .13129 .11811 .10655 .09643 .08759 .07987 .07312 .06721
  .06202 .05343 .04670 .04134 .03703 .03352 .03063 .02821 .02617 .02443
  .02293 .02273 .02273 .02273 .02273 .02273 .02273 .02273 .02273 .02273
  .02273 .02273 .02273 .02273 .02273 .02273 .02273 .02273 .02273 .02273
  .02273 .02273 .02273 .02273 .02273 .02273 .02273 .02273 .02273 .02273
  .02273 .02273 .02273 .02273 .02273 .02273 .02273 .02273 .02273 .02273
  44   8   2  0.000000
 100  2.000000 -1579.2000
 200  2.000000  -224.9700
 210  6.000000  -208.9200
 300  2.000000   -40.1560
 310  6.000000   -33.7250
 320 10.000000   -21.7610
 400  2.000000    -5.6733
 410  6.000000    -3.7207
 420  7.000000    -0.6857
 500  1.000000    -0.4424
  -1