CONT     POT     RAD
ZINC
   0 0.001  0.00001 441   1  50   0   0.000000000   1.000000000   1.00000
 1.00000 .98990 .97956 .96912 .95867 .94829 .93802 .92789 .91793 .90814
  .89853 .87983 .86182 .84445 .82769 .81154 .79598 .78099 .76657 .75268
  .73930 .71390 .69009 .66761 .64631 .62607 .60679 .58840 .57085 .55406
  .53797 .50773 .47976 .45380 .42969 .40733 .38660 .36736 .34944 .33267
  .31692 .28805 .26225 .23919 .21864 .20039 .18422 .16990 .15721 .14596
  .13595 .11904 .10541 .09427 .08507 .07740 .07095 .06551 .06088 .05692
  .05350 .04792 .04355 .04001 .03706 .03454 .03333 .03333 .03333 .03333
  .03333 .03333 .03333 .03333 .03333 .03333 .03333 .03333 .03333 .03333
  .03333 .03333 .03333 .03333 .03333 .03333 .03333 .03333 .03333 .03333
  .03333 .03333 .03333 .03333 .03333 .03333 .03333 .03333 .03333 .03333
  .03333 .03333 .03333 .03333 .03333 .03333 .03333 .03333 .03333 .03333
  30   6   1  0.000000
 100  2.000000  -698.4000
 200  2.000000   -85.1200
 210  6.000000   -75.5500
 300  2.000000    -9.7930
 310  6.000000    -6.6610
 320 10.000000    -1.2582
 400  2.000000    -0.6185
  -1