CONT     POT     RAD
PROMETHIUM
   0 0.001  0.000001 441   1  50   0   0.000000000   1.000000000   1.00000
 1.00000 .98883 .97747 .96612 .95493 .94394 .93319 .92268 .91242 .90238
  .89258 .87365 .85558 .83836 .82191 .80616 .79103 .77644 .76235 .74871
  .73550 .71027 .68650 .66407 .64286 .62280 .60383 .58588 .56888 .55277
  .53747 .50901 .48304 .45924 .43732 .41706 .39824 .38069 .36425 .34882
  .33434 .30804 .28490 .26435 .24584 .22901 .21367 .19968 .18694 .17534
  .16479 .14639 .13101 .11807 .10715 .09791 .09004 .08329 .07742 .07225
  .06766 .05981 .05334 .04791 .04328 .03930 .03585 .03286 .03029 .02809
  .02624 .02338 .02137 .01987 .01866 .01762 .01639 .01639 .01639 .01639
  .01639 .01639 .01639 .01639 .01639 .01639 .01639 .01639 .01639 .01639
  .01639 .01639 .01639 .01639 .01639 .01639 .01639 .01639 .01639 .01639
  .01639 .01639 .01639 .01639 .01639 .01639 .01639 .01639 .01639 .01639
  61  12   1  0.000000
 100  2.000000 -3145.3000
 200  2.000000  -498.0800
 210  6.000000  -473.6000
 300  2.000000  -109.1400
 310  6.000000   -98.2200
 320 10.000000   -77.7090
 400  2.000000   -21.7410
 410  6.000000   -17.5150
 420 10.000000    -9.9740
 430  5.000000    -0.9191
 500  2.000000    -3.0717
 510  6.000000    -1.9249
 600  2.000000    -0.3493
  -1