CONT     POT     RAD
ANTIMONY
   0 0.001  0.000001 441   1  50   0   0.000000000   1.000000000   1.00000
 1.00000 .98907 .97792 .96676 .95570 .94482 .93414 .92369 .91346 .90345
  .89366 .87470 .85656 .83921 .82262 .80674 .79151 .77687 .76274 .74908
  .73585 .71057 .68673 .66419 .64285 .62261 .60339 .58514 .56779 .55132
  .53568 .50665 .48025 .45612 .43393 .41349 .39460 .37711 .36086 .34570
  .33152 .30565 .28262 .26210 .24387 .22765 .21305 .19977 .18755 .17625
  .16579 .14717 .13129 .11777 .10623 .09635 .08783 .08045 .07404 .06845
  .06358 .05559 .04941 .04449 .04046 .03707 .03416 .03161 .02936 .02735
  .02555 .02244 .01987 .01961 .01961 .01961 .01961 .01961 .01961 .01961
  .01961 .01961 .01961 .01961 .01961 .01961 .01961 .01961 .01961 .01961
  .01961 .01961 .01961 .01961 .01961 .01961 .01961 .01961 .01961 .01961
  .01961 .01961 .01961 .01961 .01961 .01961 .01961 .01961 .01961 .01961
  51   9   2  0.000000
 100  2.000000 -2157.6000
 200  2.000000  -323.2700
 210  6.000000  -303.7800
 300  2.000000   -64.0910
 310  6.000000   -55.8530
 320 10.000000   -40.4170
 400  2.000000   -10.8120
 410  6.000000    -7.9730
 420 10.000000    -3.1564
 500  2.000000    -1.0898
 510  3.000000    -0.5337
  -1