CONT     POT     RAD
HAFNIUM
   0 0.001  0.00001 441   1  50   0   0.000000000   1.000000000   1.00000
 1.00000 .98851 .97685 .96525 .95384 .94266 .93175 .92109 .91069 .90054
  .89062 .87151 .85332 .83598 .81940 .80347 .78813 .77532 .75899 .74512
  .73167 .70599 .68178 .65894 .63757 .61699 .59772 .57947 .56214 .54565
  .52993 .50051 .47351 .44861 .42554 .40407 .38405 .36536 .34790 .33160
  .31636 .28866 .26405 .24209 .22247 .20501 .18947 .17567 .16337 .15239
  .14255 .12573 .11198 .10063 .09117 .08317 .07632 .07038 .06517 .06056
  .05645 .04946 .04375 .03903 .03508 .03178 .02901 .02670 .02476 .02313
  .02175 .01952 .01778 .01634 .01510 .01402 .01389 .01389 .01389 .01389
  .01389 .01389 .01389 .01389 .01389 .01389 .01389 .01389 .01389 .01389
  .01389 .01389 .01389 .01389 .01389 .01389 .01389 .01389 .01389 .01389
  .01389 .01389 .01389 .01389 .01389 .01389 .01389 .01389 .01389 .01389
  72  12   2  0.000000
 100  2.000000 -4444.3000
 200  2.000000  -729.2700
 210  6.000000  -699.3300
 300  2.000000  -165.6800
 310  6.000000  -151.6800
 320 10.000000  -127.3700
 400  2.000000   -32.8780
 410  6.000000   -27.0370
 420 10.000000   -16.3550
 430 14.000000    -2.4819
 500  2.000000    -4.4903
 510  6.000000    -2.8401
 520  2.000000    -0.4902
 600  2.000000    -0.4437
  -1