CONT     POT     RAD
GADOLINIUM
   0 0.001  0.00001 441   1  50   0   0.000000000   1.000000000   1.00000
 1.00000 .98875 .97731 .96591 .95466 .94363 .93284 .92230 .91201 .90195
  .89213 .87317 .85510 .83787 .82141 .80565 .79048 .77586 .76173 .74805
  .73480 .70950 .68567 .66317 .64192 .62183 .60283 .58487 .56786 .55172
  .53637 .50779 .48168 .45770 .43559 .41510 .39603 .37821 .36152 .34588
  .33122 .30466 .28125 .26033 .24145 .22432 .20880 .19474 .18203 .17052
  .16009 .14202 .12699 .11442 .10386 .09494 .08733 .08076 .07500 .06991
  .06537 .05758 .05116 .04578 .04123 .03736 .03405 .03123 .02885 .02684
  .02515 .02251 .02054 .01898 .01767 .01652 .01562 .01562 .01562 .01562
  .01562 .01562 .01562 .01562 .01562 .01562 .01562 .01562 .01562 .01562
  .01562 .01562 .01562 .01562 .01562 .01562 .01562 .01562 .01562 .01562
  .01562 .01562 .01562 .01562 .01562 .01562 .01562 .01562 .01562 .01562
  64  12   2  0.000000
 100  2.000000 -3477.7000
 200  2.000000  -557.2300
 210  6.000000  -531.2600
 300  2.000000  -123.9500
 310  6.000000  -112.2100
 320 10.000000   -90.1400
 400  2.000000   -24.9560
 410  6.000000   -20.3020
 420 10.000000   -11.9330
 430  7.000000    -1.5912
 500  2.000000    -3.5683
 510  6.000000    -2.2693
 520  1.000000    -0.4363
 600  2.000000    -0.3878
  -1