CONT     POT     RAD
RHODIUM
   0 0.001  0.000001 441   1  50   0   0.000000000   1.000000000   1.00000
 1.00000 .98924 .97827 .96725 .95630 .94551 .93490 .92450 .91430 .90433
  .89455 .87562 .85745 .84004 .82335 .80738 .79206 .77735 .76317 .74949
  .73625 .71095 .68709 .66451 .64310 .62278 .60345 .58503 .56749 .55076
  .53482 .50516 .47818 .45353 .43088 .40998 .39065 .37273 .35611 .34068
  .32652 .30041 .27759 .25727 .23904 .22266 .20798 .19482 .18297 .17221
  .16232 .14464 .12923 .11574 .10398 .09376 .08488 .07718 .07049 .06466
  .05957 .05118 .04464 .03946 .03530 .03192 .02914 .02681 .02486 .02319
  .02222 .02222 .02222 .02222 .02222 .02222 .02222 .02222 .02222 .02222
  .02222 .02222 .02222 .02222 .02222 .02222 .02222 .02222 .02222 .02222
  .02222 .02222 .02222 .02222 .02222 .02222 .02222 .02222 .02222 .02222
  .02222 .02222 .02222 .02222 .02222 .02222 .02222 .02222 .02222 .02222
  45   8   2  0.000000
 100  2.000000 -1656.0000
 200  2.000000  -237.6300
 210  6.000000  -221.0900
 300  2.000000   -42.9900
 310  6.000000   -36.3050
 320 10.000000   -23.8530
 400  2.000000    -6.0877
 410  6.000000    -4.0197
 420  8.000000    -0.7663
 500  1.000000    -0.4533
  -1