CONT     POT     RAD
MANGANESE
   0 0.001  0.000001 441   1  50   0   0.000000000   1.000000000   1.00000
 1.00000 .99037 .98049 .97049 .96046 .95046 .94055 .93074 .92108 .91156
  .90221 .88398 .86640 .84944 .83306 .81725 .80198 .78725 .77304 .75935
  .74616 .72121 .69796 .67618 .65565 .63622 .61777 .60022 .58350 .56756
  .55234 .52386 .49768 .47346 .45092 .42989 .41025 .39192 .37487 .35902
  .34429 .31768 .29410 .27282 .25344 .23576 .21963 .20494 .19160 .17948
  .16849 .14943 .13361 .12037 .10918 .09968 .09156 .08461 .07865 .07353
  .06913 .06199 .05649 .05208 .04841 .04527 .04252 .04008 .04000 .04000
  .04000 .04000 .04000 .04000 .04000 .04000 .04000 .04000 .04000 .04000
  .04000 .04000 .04000 .04000 .04000 .04000 .04000 .04000 .04000 .04000
  .04000 .04000 .04000 .04000 .04000 .04000 .04000 .04000 .04000 .04000
  .04000 .04000 .04000 .04000 .04000 .04000 .04000 .04000 .04000 .04000
  25   5   2  0.000000
 100  2.000000  -474.4700
 200  2.000000   -55.5090
 210  6.000000   -48.0500
 300  2.000000    -6.6804
 310  6.000000    -4.4776
 320  5.000000    -0.8859
 400  2.000000    -0.5253
  -1