CONT     POT     RAD
TUNGSTEN
   0 0.001  0.00001 441   1  50   0   0.000000000   1.000000000   1.00000
 1.00000 .98847 .97677 .96514 .95370 .94251 .93158 .92091 .91049 .90033
  .89041 .87130 .85310 .83576 .81917 .80324 .78780 .77305 .75871 .74482
  .73136 .70565 .68142 .65857 .63700 .61662 .59736 .57911 .56178 .54527
  .52952 .50007 .47302 .44806 .42492 .40340 .38334 .36464 .34719 .33092
  .31571 .28805 .26350 .24166 .22223 .20500 .18972 .17615 .16406 .15326
  .14355 .12692 .11326 .10193 .09242 .08431 .07730 .07117 .06575 .06094
  .05664 .04932 .04338 .03849 .03446 .03111 .02833 .02600 .02404 .02238
  .02095 .01862 .01677 .01525 .01397 .01351 .01351 .01351 .01351 .01351
  .01351 .01351 .01351 .01351 .01351 .01351 .01351 .01351 .01351 .01351
  .01351 .01351 .01351 .01351 .01351 .01351 .01351 .01351 .01351 .01351
  .01351 .01351 .01351 .01351 .01351 .01351 .01351 .01351 .01351 .01351
  74  12   2  0.000000
 100  2.000000 -4705.8000
 200  2.000000  -777.2900
 210  6.000000  -746.3200
 300  2.000000  -178.5500
 310  6.000000  -163.9700
 320 10.000000  -136.5600
 400  2.000000   -36.3670
 410  6.000000   -30.1990
 420 10.000000   -18.8750
 430 14.000000    -3.9610
 500  2.000000    -5.2126
 510  6.000000    -3.3875
 520  4.000000    -0.6841
 600  2.000000    -0.4858
  -1