CONT     POT     RAD
THORIUM
   0 0.001  0.00001 441   1  50   0   0.000000000   1.000000000   1.00000
 1.00000 .98824 .97634 .96456 .95302 .94176 .93078 .92009 .90966 .89951
  .88962 .87060 .85253 .83529 .81875 .80284 .78749 .77267 .75835 .74449
  .73107 .70548 .68145 .65887 .63761 .61756 .59858 .58057 .56344 .54710
  .53151 .50233 .47552 .45082 .42803 .40701 .38761 .36965 .35297 .33744
  .32296 .29685 .27408 .25415 .23659 .22099 .20706 .19458 .18340 .17333
  .16422 .14827 .13462 .12275 .11235 .10320 .09510 .08792 .08155 .07591
  .07091 .06255 .05582 .05024 .04548 .04135 .03774 .03456 .03176 .02928
  .02708 .02344 .02061 .01842 .01672 .01535 .01422 .01326 .01242 .01167
  .01111 .01111 .01111 .01111 .01111 .01111 .01111 .01111 .01111 .01111
  .01111 .01111 .01111 .01111 .01111 .01111 .01111 .01111 .01111 .01111
  .01111 .01111 .01111 .01111 .01111 .01111 .01111 .01111 .01111 .01111
  90  15   2  0.000000
 100  2.000000 -7077.8000
 200  2.000000 -1226.8000
 210  6.000000 -1187.5000
 300  2.000000  -308.4900
 310  6.000000  -289.0600
 320 10.000000  -252.4800
 400  2.000000   -77.7500
 410  6.000000   -68.7800
 420 10.000000   -51.9850
 430 14.000000   -28.6970
 500  2.000000   -17.4470
 510  6.000000   -14.0000
 520 10.000000    -7.9729
 600  2.000000    -2.9759
 610  6.000000    -1.9652
 620  2.000000    -0.5158
 700  2.000000    -0.3642
  -1