CONT     POT     RAD
RADIUM
   0 0.001  0.00001 441   1  50   0   0.000000000   1.000000000   1.00000
 1.00000 .98826 .97637 .96460 .95306 .94180 .93082 .92012 .90969 .89953
  .88962 .87058 .85248 .83522 .81866 .80273 .78737 .77254 .75819 .74431
  .73087 .70524 .68115 .65849 .63717 .61705 .59802 .57995 .56277 .54638
  .53074 .50147 .47457 .44976 .42685 .40568 .38613 .36802 .35120 .33554
  .32092 .29450 .27144 .25125 .23347 .21771 .20364 .19103 .17971 .16953
  .16034 .14433 .13074 .11898 .10670 .09968 .09172 .08469 .07845 .07293
  .06803 .05985 .05338 .04814 .04377 .04003 .03677 .03390 .03135 .02906
  .02701 .02350 .02068 .01847 .01677 .01548 .01239 .01239 .01239 .01239
  .01136 .01136 .01136 .01136 .01136 .01136 .01136 .01136 .01136 .01136
  .01136 .01136 .01136 .01136 .01136 .01136 .01136 .01136 .01136 .01136
  .01136 .01136 .01136 .01136 .01136 .01136 .01136 .01136 .01136 .01136
  88  15   1  0.000000
 100  2.000000 -6754.1000
 200  2.000000 -1164.0000
 210  6.000000 -1125.8000
 300  2.000000  -289.4300
 310  6.000000  -270.6200
 320 10.000000  -235.2000
 400  2.000000   -71.0870
 410  6.000000   -62.4810
 420 10.000000   -46.3920
 430 14.000000   -24.1540
 500  2.000000   -15.1180
 510  6.000000   -11.8950
 520 10.000000    -6.3248
 600  2.000000    -2.4019
 610  6.000000    -1.5258
 700  2.000000    -0.3199
  -1