CONT     POT     RAD
ASTATINE
   0 0.001  0.000001 441   1  50   0   0.000000000   1.000000000   1.00000
 1.00000 .98829 .97642 .96466 .95313 .94187 .93088 .92017 .90973 .89955
  .88963 .87054 .85239 .83508 .81850 .80254 .78715 .77228 .75791 .74399
  .73052 .70480 .68062 .65786 .63642 .61619 .59706 .57890 .56163 .54516
  .52944 .50001 .47295 .44798 .42487 .40348 .38368 .36533 .34828 .33238
  .31752 .29061 .26702 .24633 .22813 .21201 .19765 .18478 .17319 .16275
  .15333 .13700 .12328 .11149 .10123 .09224 .08432 .07734 .07116 .06566
  .06077 .05252 .04594 .04067 .03641 .03289 .02993 .02740 .02520 .02326
  .02155 .01865 .01630 .01435 .01271 .01176 .01176 .01176 .01176 .01176
  .01176 .01176 .01176 .01176 .01176 .01176 .01176 .01176 .01176 .01176
  .01176 .01176 .01176 .01176 .01176 .01176 .01176 .01176 .01176 .01176
  .01176 .01176 .01176 .01176 .01176 .01176 .01176 .01176 .01176 .01176
  85  13   2  0.000000
 100  2.000000 -6282.6000
 200  2.000000 -1073.0000
 210  6.000000 -1036.3000
 300  2.000000  -261.9100
 310  6.000000  -244.0400
 320 10.000000  -210.3500
 400  2.000000   -61.4430
 410  6.000000   -53.3770
 420 10.000000   -38.3380
 430 14.000000   -17.6740
 500  2.000000   -11.6170
 510  6.000000    -8.7240
 520 10.000000    -3.8377
 600  2.000000    -1.3435
 610  5.000000    -0.6948
  -1