CONT     POT     RAD
THULIUM
   0 0.001  0.000001 441   1  50   0   0.000000000   1.000000000   1.00000
 1.00000 .98858 .97699 .96545 .95408 .94294 .93206 .92143 .91105 .90092
  .89103 .87194 .85376 .83644 .81987 .80398 .78868 .77391 .75962 .74579
  .73239 .70678 .68265 .65987 .63834 .61800 .59877 .58056 .56328 .54686
  .53120 .50196 .47514 .45043 .42756 .40629 .38645 .36790 .35055 .33432
  .31913 .29156 .26708 .24515 .22546 .20778 .19197 .17783 .16519 .15388
  .14373 .12638 .11219 .10049 .09077 .08261 .07569 .06974 .06456 .06003
  .05601 .04923 .04372 .03915 .03529 .03201 .02921 .02682 .02480 .02311
  .02171 .01959 .01808 .01690 .01591 .01504 .01449 .01449 .01449 .01449
  .01449 .01449 .01449 .01449 .01449 .01449 .01449 .01449 .01449 .01449
  .01449 .01449 .01449 .01449 .01449 .01449 .01449 .01449 .01449 .01449
  .01449 .01449 .01449 .01449 .01449 .01449 .01449 .01449 .01449 .01449
  69  12   1  0.000000
 100  2.000000 -4066.9000
 200  2.000000  -661.0000
 210  6.000000  -632.5700
 300  2.000000  -148.1900
 310  6.000000  -135.0600
 320 10.000000  -110.3700
 400  2.000000   -28.7020
 410  6.000000   -23.3280
 420 10.000000   -13.5650
 430 13.000000    -1.1677
 500  2.000000    -3.6651
 510  6.000000    -2.2248
 600  2.000000    -0.3759
  -1