CONT     POT     RAD
GALLIUM
   0 0.001  0.000001 441   1  50   0   0.000000000   1.000000000   1.00000
 1.00000 .98984 .97945 .96895 .95846 .94803 .93773 .92758 .91759 .90778
  .89815 .87943 .86139 .84400 .82724 .81108 .79553 .78056 .76615 .75229
  .73892 .71355 .68973 .66724 .64591 .62564 .60633 .58792 .57034 .55352
  .53742 .50712 .47911 .45315 .42909 .40683 .38621 .36708 .34926 .33257
  .31689 .28819 .26265 .23996 .21986 .20211 .18644 .17262 .16039 .14955
  .13989 .12354 .11027 .09936 .09030 .08272 .07634 .07095 .06636 .06241
  .05898 .05328 .04867 .04482 .04151 .03861 .03605 .03376 .03226 .03226
  .03226 .03226 .03226 .03226 .03226 .03226 .03226 .03226 .03226 .03226
  .03226 .03226 .03226 .03226 .03226 .03226 .03226 .03226 .03226 .03226
  .03226 .03226 .03226 .03226 .03226 .03226 .03226 .03226 .03226 .03226
  .03226 .03226 .03226 .03226 .03226 .03226 .03226 .03226 .03226 .03226
  31   6   2  0.000000
 100  2.000000  -749.2000
 200  2.000000   -92.6400
 210  6.000000   -82.6300
 300  2.000000   -11.2380
 310  6.000000    -7.8920
 320 10.000000    -2.0400
 400  2.000000    -0.8377
 410  1.000000    -0.3619
  -1