CONT     POT     RAD
TELLURIUM
   0 0.001  0.00001 441   1  50   0   0.000000000   1.000000000   1.00000
 1.00000 .98904 .97788 .96670 .95563 .94474 .93405 .92360 .91336 .90336
  .89357 .87462 .85649 .83916 .82259 .80674 .79153 .77690 .76279 .74914
  .73592 .71067 .68685 .66434 .64303 .62282 .60365 .58544 .56816 .55175
  .53617 .50727 .48100 .45696 .43488 .41453 .39573 .37831 .36212 .34701
  .33285 .30700 .28399 .26355 .24543 .22927 .21469 .20137 .18910 .17776
  .16727 .14864 .13277 .11926 .10771 .09777 .08918 .08173 .07526 .06963
  .06473 .05670 .05041 .04533 .04109 .03747 .03434 .03160 .02919 .02703
  .02511 .02182 .01923 .01923 .01923 .01923 .01923 .01923 .01923 .01923
  .01923 .01923 .01923 .01923 .01923 .01923 .01923 .01923 .01923 .01923
  .01923 .01923 .01923 .01923 .01923 .01923 .01923 .01923 .01923 .01923
  .01923 .01923 .01923 .01923 .01923 .01923 .01923 .01923 .01923 .01923
  52   9   2  0.000000
 100  2.000000 -2248.0000
 200  2.000000  -339.1300
 210  6.000000  -319.1400
 300  2.000000   -68.2450
 310  6.000000   -59.7430
 320 10.000000   -43.8020
 400  2.000000   -11.8990
 410  6.000000    -8.9210
 420 10.000000    -3.8208
 500  2.000000    -1.2594
 510  4.000000    -0.6328
  -1