CONT     POT     RAD
BARIUM
   0 0.001  0.00001 441   1  50   0   0.000000000   1.000000000   1.00000
 1.00000 .98897 .97774 .96652 .95542 .94451 .93383 .92338 .91316 .90317
  .89340 .87452 .85649 .83927 .82283 .80709 .79200 .77746 .76343 .74986
  .73672 .71162 .68797 .66564 .64453 .62454 .60561 .58768 .57070 .55461
  .53935 .51105 .48531 .46178 .44018 .42028 .40189 .38482 .36890 .35399
  .33999 .31446 .29193 .27209 .25447 .23859 .22409 .21077 .19852 .18724
  .17686 .15852 .14292 .12959 .11815 .10834 .09994 .09273 .08650 .08105
  .07622 .06796 .06106 .05518 .05009 .04565 .04176 .03834 .03533 .03272
  .03046 .02691 .02438 .02253 .02110 .01989 .01786 .01786 .01786 .01786
  .01786 .01786 .01786 .01786 .01786 .01786 .01786 .01786 .01786 .01786
  .01786 .01786 .01786 .01786 .01786 .01786 .01786 .01786 .01786 .01786
  .01786 .01786 .01786 .01786 .01786 .01786 .01786 .01786 .01786 .01786
  56  11   1  0.000000
 100  2.000000 -2629.3000
 200  2.000000  -407.4400
 210  6.000000  -385.4400
 300  2.000000   -87.0300
 310  6.000000   -77.4500
 320 10.000000   -59.4790
 400  2.000000   -17.4650
 410  6.000000   -13.9160
 420 10.000000    -7.6790
 500  2.000000    -2.6393
 510  6.000000    -1.6800
 600  2.000000    -0.3280
  -1