CONT     POT     RAD
TERBIUM
   0 0.001  0.000001 441   1  50   0   0.000000000   1.000000000   1.00000
 1.00000 .98871 .97723 .96579 .95451 .94345 .93264 .92208 .91176 .90168
  .89184 .87284 .85472 .83746 .82097 .80517 .78996 .77530 .76112 .74739
  .73410 .70870 .68477 .66219 .64085 .62067 .60159 .58354 .56644 .55021
  .53476 .50598 .47964 .45543 .43309 .41236 .39305 .37500 .35809 .34224
  .32740 .30048 .27670 .25542 .23621 .21883 .20310 .18891 .17611 .16456
  .15413 .13614 .12128 .10892 .09858 .08988 .08249 .07614 .07061 .06575
  .06143 .05411 .04812 .04313 .03891 .03529 .03219 .02952 .02725 .02533
  .02373 .02129 .01956 .01825 .01716 .01621 .01538 .01538 .01538 .01538
  .01538 .01538 .01538 .01538 .01538 .01538 .01538 .01538 .01538 .01538
  .01538 .01538 .01538 .01538 .01538 .01538 .01538 .01538 .01538 .01538
  .01538 .01538 .01538 .01538 .01538 .01538 .01538 .01538 .01538 .01538
  65  12   1  0.000000
 100  2.000000 -3591.3000
 200  2.000000  -576.7400
 210  6.000000  -551.2900
 300  2.000000  -128.0400
 310  6.000000  -116.0300
 320 10.000000   -93.4400
 400  2.000000   -25.1650
 410  6.000000   -20.3770
 420 10.000000   -11.7510
 430  9.000000    -1.0702
 500  2.000000    -3.3743
 510  6.000000    -2.0819
 600  2.000000    -0.3633
  -1