CONT     POT     RAD
MOLYBDENUM
   0 0.001  0.00001 441   1  50   0   0.000000000   1.000000000   1.00000
 1.00000 .98936 .97849 .96757 .95672 .94599 .93544 .92509 .91494 .90499
  .89525 .87636 .85823 .84083 .82413 .80814 .79280 .77807 .76389 .75022
  .73700 .71177 .68797 .66545 .64409 .62381 .60451 .58612 .56858 .55183
  .53584 .50600 .47881 .45398 .43119 .41018 .39072 .37266 .35590 .34033
  .32585 .29984 .27715 .25715 .23935 .22339 .20903 .19613 .18454 .17412
  .16471 .14825 .13411 .12171 .11073 .10102 .09242 .08482 .07810 .07215
  .06887 .05800 .05094 .04527 .04067 .03692 .03382 .03124 .02906 .02719
  .02558 .02381 .02381 .02381 .02381 .02381 .02381 .02381 .02381 .02381
  .02381 .02381 .02381 .02381 .02381 .02381 .02381 .02381 .02381 .02381
  .02381 .02381 .02381 .02381 .02381 .02381 .02381 .02381 .02381 .02381
  .02381 .02381 .02381 .02381 .02381 .02381 .02381 .02381 .02381 .02381
  42   8   2  0.000000
 100  2.000000 -1431.2000
 200  2.000000  -200.6800
 210  6.000000  -185.5800
 300  2.000000   -34.7110
 310  6.000000   -28.7800
 320 10.000000   -17.7850
 400  2.000000    -4.8484
 410  6.000000    -3.1252
 420  5.000000    -0.5261
 500  1.000000    -0.4169
  -1