CONT     POT     RAD
ZIRCONIUM
   0 0.001  0.00001 441   1  50   0   0.000000000   1.000000000   1.00000
 1.00000 .98944 .97866 .96781 .95702 .94635 .93584 .92552 .91540 .90549
  .89577 .87692 .85882 .84143 .82474 .80872 .79337 .77863 .76445 .75078
  .73757 .71238 .68863 .66616 .64486 .62462 .60536 .58700 .56948 .55274
  .53673 .50681 .47949 .45453 .43164 .41055 .39102 .37288 .35602 .34033
  .32574 .29954 .27678 .25687 .23930 .22364 .20962 .19701 .18568 .17551
  .16638 .15068 .13754 .12619 .11617 .10724 .09925 .09208 .08563 .07982
  .07458 .06557 .05819 .05216 .04726 .04327 .04001 .03732 .03505 .03309
  .03138 .02844 .02598 .02500 .02500 .02500 .02500 .02500 .02500 .02500
  .02500 .02500 .02500 .02500 .02500 .02500 .02500 .02500 .02500 .02500
  .02500 .02500 .02500 .02500 .02500 .02500 .02500 .02500 .02500 .02500
  .02500 .02500 .02500 .02500 .02500 .02500 .02500 .02500 .02500 .02500
  40   8   2  0.000000
 100  2.000000 -1290.7000
 200  2.000000  -177.9700
 210  6.000000  -163.8300
 300  2.000000   -29.7970
 310  6.000000   -24.3580
 320 10.000000   -14.3220
 400  2.000000    -4.2339
 410  6.000000    -2.7285
 420  2.000000    -0.5159
 500  2.000000    -0.4359
  -1