CONT     POT     RAD
IRON
   0 0.001  0.00001 441   1  50   0   0.000000000   1.000000000   1.00000
 1.00000 .99027 .98030 .97021 .96009 .95002 .94003 .93016 .92043 .91086
  .90146 .88314 .86548 .84844 .83199 .81611 .80079 .78601 .77177 .75805
  .74483 .71983 .69650 .67462 .65396 .63439 .61579 .59809 .58123 .56513
  .54976 .52096 .49443 .46985 .44696 .42862 .40571 .38719 .36998 .35399
  .33910 .31207 .28796 .26617 .24637 .22839 .21208 .19733 .18401 .17198
  .16111 .14240 .12698 .11415 .10338 .09427 .08653 .07993 .07429 .06945
  .06528 .05853 .05330 .04909 .04558 .04258 .03995 .03846 .03846 .03846
  .03846 .03846 .03846 .03846 .03846 .03846 .03846 .03846 .03846 .03846
  .03846 .03846 .03846 .03846 .03846 .03846 .03846 .03846 .03846 .03846
  .03846 .03846 .03846 .03846 .03846 .03846 .03846 .03846 .03846 .03846
  .03846 .03846 .03846 .03846 .03846 .03846 .03846 .03846 .03846 .03846
  26   5   2  0.000000
 100  2.000000  -515.8100
 200  2.000000   -60.9570
 210  6.000000   -53.0840
 300  2.000000    -7.2691
 310  6.000000    -4.8912
 320  6.000000    -0.9625
 400  2.000000    -0.5451
  -1