CONT     POT     RAD
CALIFORNIUM
   0 0.001  0.000001 441   1  50   0   0.000000000   1.000000000   0.70000
 1.00000 .98812 .97611 .96425 .95264 .94133 .93032 .91959 .90914 .89897
  .88907 .87005 .85197 .83469 .81811 .80215 .78675 .77188 .75751 .74361
  .73016 .70453 .68049 .65791 .63665 .61657 .59755 .57948 .56227 .54587
  .53020 .50089 .47399 .44928 .42656 .40566 .38637 .36851 .35192 .33648
  .32211 .29621 .27352 .25346 .23556 .21951 .20512 .19217 .18045 .16973
  .15987 .14228 .12712 .11407 .10282 .09311 .08473 .07746 .07116 .06567
  .06087 .05290 .04656 .04140 .03712 .03351 .03043 .02777 .02546 .02346
  .02170 .01886 .01674 .01516 .01395 .01298 .01026 .01026 .01026 .01026
  .01020 .01020 .01020 .01020 .01020 .01020 .01020 .01020 .01020 .01020
  .01020 .01020 .01020 .01020 .01020 .01020 .01020 .01020 .01020 .01020
  .01020 .01020 .01020 .01020 .01020 .01020 .01020 .01020 .01020 .01020
  98  16   1  0.000000
 100  2.000000 -8446.7000
 200  2.000000 -1489.3000
 210  6.000000 -1445.7000
 300  2.000000  -384.6700
 310  6.000000  -362.7200
 320 10.000000  -321.3800
 400  2.000000  -100.8000
 410  6.000000   -90.3400
 420 10.000000   -70.6610
 430 14.000000   -43.0870
 500  2.000000   -22.2020
 510  6.000000   -17.9460
 520 10.000000   -10.3670
 530 10.000000    -1.4304
 600  2.000000    -3.1454
 610  6.000000    -1.9628
 700  2.000000    -0.3462
  -1