CONT     POT     RAD
URANIUM
   0 0.001  0.00001 441   1  50   0   0.000000000   1.000000000   1.00000
 1.00000 .98821 .97628 .96447 .95292 .94164 .93065 .91995 .90951 .89935
  .88946 .87044 .85236 .83511 .81856 .80263 .78727 .77244 .75810 .74422
  .73079 .70519 .68115 .65856 .63730 .61723 .59824 .58021 .56305 .54669
  .53107 .50184 .47499 .45026 .42747 .40647 .38708 .36914 .35247 .33695
  .32249 .29642 .27369 .25375 .23612 .22040 .20633 .19371 .18237 .17213
  .16281 .14638 .13223 .11992 .10917 .09975 .09148 .08421 .07781 .07217
  .06721 .05893 .05231 .04685 .04226 .03834 .03494 .03198 .02937 .02708
  .02506 .02171 .01913 .01718 .01568 .01450 .01354 .01272 .01200 .01136
  .01087 .01087 .01087 .01087 .01087 .01087 .01087 .01087 .01087 .01087
  .01087 .01087 .01087 .01087 .01087 .01087 .01087 .01087 .01087 .01087
  .01087 .01087 .01087 .01087 .01087 .01087 .01087 .01087 .01087 .01087
  92  16   2  0.000000
 100  2.000000 -7409.2000
 200  2.000000 -1289.9000
 210  6.000000 -1249.5000
 300  2.000000  -326.6400
 310  6.000000  -306.5800
 320 10.000000  -268.8100
 400  2.000000   -83.1600
 410  6.000000   -73.8190
 420 10.000000   -56.3080
 430 14.000000   -31.9540
 500  2.000000   -18.4900
 510  6.000000   -14.8440
 520 10.000000    -8.4380
 530  3.000000    -1.1830
 600  2.000000    -2.9631
 610  6.000000    -1.9181
 620  1.000000    -0.4494
 700  2.000000    -0.3530
  -1