CONT     POT     RAD
DYSPROSIUM
   0 0.001  0.00001 441   1  50   0   0.000000000   1.000000000   1.00000
 1.00000 .98868 .97717 .96571 .95441 .94333 .93250 .92192 .91159 .90150
  .89164 .87262 .85450 .83722 .82072 .80489 .78967 .77498 .76077 .74703
  .73370 .70826 .68429 .66166 .64027 .62006 .60095 .58287 .56573 .54945
  .53396 .50507 .47863 .45430 .43183 .41098 .39154 .37336 .35634 .34039
  .32547 .29839 .27443 .25298 .23362 .21614 .20037 .18617 .17339 .16189
  .15151 .13366 .11896 .10676 .09657 .08800 .08073 .07447 .06903 .06425
  .06001 .05282 .04695 .04207 .03794 .03442 .03139 .02880 .02659 .02473
  .02318 .02083 .01916 .01789 .01683 .01590 .01515 .01515 .01515 .01515
  .01515 .01515 .01515 .01515 .01515 .01515 .01515 .01515 .01515 .01515
  .01515 .01515 .01515 .01515 .01515 .01515 .01515 .01515 .01515 .01515
  .01515 .01515 .01515 .01515 .01515 .01515 .01515 .01515 .01515 .01515
  66  12   1  0.000000
 100  2.000000 -3707.4000
 200  2.000000  -597.2700
 210  6.000000  -570.3200
 300  2.000000  -132.9600
 310  6.000000  -120.6600
 320 10.000000   -97.5600
 400  2.000000   -26.0340
 410  6.000000   -21.1020
 420 10.000000   -12.1960
 430 10.000000    -1.0968
 500  2.000000    -3.4480
 510  6.000000    -2.1189
 600  2.000000    -0.3666
  -1