CONT     POT     RAD
NICKEL
   0 0.001  0.00001 441   1  50   0   0.000000000   1.000000000   1.00000
 1.00000 .99009 .97993 .96966 .95938 .94915 .93903 .92903 .91919 .90951
  .90001 .88151 .86367 .84648 .82988 .81388 .79844 .78357 .76925 .75546
  .74218 .71702 .69350 .67135 .65040 .63052 .61161 .59359 .57640 .55998
  .54427 .51478 .48754 .46226 .43874 .41686 .39653 .37765 .36013 .34379
  .32850 .30054 .27547 .25289 .23254 .21427 .19789 .18325 .17015 .15844
  .14795 .13008 .11553 .10355 .09358 .08521 .07815 .07217 .06707 .06270
  .05894 .05282 .04804 .04418 .04095 .03820 .03580 .03571 .03571 .03571
  .03571 .03571 .03571 .03571 .03571 .03571 .03571 .03571 .03571 .03571
  .03571 .03571 .03571 .03571 .03571 .03571 .03571 .03571 .03571 .03571
  .03571 .03571 .03571 .03571 .03571 .03571 .03571 .03571 .03571 .03571
  .03571 .03571 .03571 .03571 .03571 .03571 .03571 .03571 .03571 .03571
  28   5   2  0.000000
 100  2.000000  -603.7000
 200  2.000000   -72.5700
 210  6.000000   -63.8600
 300  2.000000    -8.5000
 310  6.000000    -5.7560
 320  8.000000    -1.1151
 400  2.000000    -0.5831
  -1