CONT     POT     RAD
BISMUTH
   0 0.001  0.000001 441   1  50   0   0.000000000   1.000000000   1.00000
 1.00000 .98831 .97647 .96473 .95320 .94194 .93096 .92025 .90981 .89962
  .88969 .87059 .85242 .83510 .81850 .80253 .78713 .77226 .75787 .74395
  .73046 .70472 .68049 .65769 .63620 .61592 .59674 .57854 .56123 .54473
  .52898 .49949 .47238 .44735 .42417 .40268 .38276 .36428 .34711 .33110
  .31614 .28896 .26511 .24414 .22569 .20937 .19486 .18186 .17018 .15964
  .15011 .13364 .11990 .10818 .09803 .08915 .08136 .07451 .06847 .06313
  .05839 .05045 .04407 .03896 .03484 .03148 .02870 .02638 .02440 .02268
  .02117 .01862 .01655 .01481 .01334 .01208 .01205 .01205 .01205 .01205
  .01205 .01205 .01205 .01205 .01205 .01205 .01205 .01205 .01205 .01205
  .01205 .01205 .01205 .01205 .01205 .01205 .01205 .01205 .01205 .01205
  .01205 .01205 .01205 .01205 .01205 .01205 .01205 .01205 .01205 .01205
  83  13   2  0.000000
 100  2.000000 -5978.1000
 200  2.000000 -1014.9000
 210  6.000000  -979.2000
 300  2.000000  -244.8700
 310  6.000000  -227.5900
 320 10.000000  -195.0700
 400  2.000000   -55.8470
 410  6.000000   -48.1370
 420 10.000000   -33.7900
 430 14.000000   -14.1750
 500  2.000000    -9.8740
 510  6.000000    -7.1980
 520 10.000000    -2.7670
 600  2.000000    -1.0423
 610  3.000000    -0.5133
  -1