CONT     POT     RAD
IRIDIUM
   0 0.001  0.000001 441   1  50   0   0.000000000   1.000000000   1.00000
 1.00000 .98841 .97665 .96498 .95350 .94228 .93133 .92064 .91021 .90003
  .89011 .87098 .85279 .83544 .81884 .80289 .78751 .77265 .75828 .74437
  .73089 .70514 .68089 .65802 .63645 .61609 .59683 .57858 .56123 .54471
  .52893 .49942 .47229 .44726 .42404 .40246 .38238 .36369 .34629 .33006
  .31489 .28730 .26287 .24123 .22208 .20516 .19017 .17684 .16492 .15423
  .14458 .12795 .11422 .10273 .09297 .08454 .07717 .07068 .06494 .05983
  .05529 .04763 .04148 .03651 .03246 .02914 .02639 .02409 .02216 .02053
  .01912 .01683 .01504 .01359 .01299 .01299 .01299 .01299 .01299 .01299
  .01299 .01299 .01299 .01299 .01299 .01299 .01299 .01299 .01299 .01299
  .01299 .01299 .01299 .01299 .01299 .01299 .01299 .01299 .01299 .01299
  .01299 .01299 .01299 .01299 .01299 .01299 .01299 .01299 .01299 .01299
  77  12   2  0.000000
 100  2.000000 -5112.3000
 200  2.000000  -852.3400
 210  6.000000  -819.8300
 300  2.000000  -198.9200
 310  6.000000  -183.4500
 320 10.000000  -154.3500
 400  2.000000   -41.9560
 410  6.000000   -35.2870
 420 10.000000   -22.9760
 430 14.000000    -6.4970
 500  2.000000    -6.2892
 510  6.000000    -4.1986
 520  7.000000    -0.9745
 600  2.000000    -0.5311
  -1