CONT     POT     RAD
BERKELIUM
   0 0.001  0.000001 441   1  50   0   0.000000000   1.000000000   1.00000
 1.00000 .98813 .97614 .96429 .95269 .94139 .93037 .91965 .90921 .89904
  .88914 .87012 .85204 .83477 .81820 .80224 .78685 .77199 .75763 .74373
  .73029 .70467 .68063 .65805 .63679 .61672 .59771 .57965 .56245 .54606
  .53040 .50111 .47422 .44951 .42678 .40587 .38658 .36870 .35210 .33666
  .32228 .29637 .27371 .25369 .23586 .21988 .20555 .19267 .18102 .17041
  .16064 .14324 .12823 .11526 .10406 .09437 .08597 .07868 .07234 .06680
  .06196 .05391 .04750 .04227 .03792 .03425 .03111 .02840 .02604 .02398
  .02219 .01927 .01708 .01544 .01419 .01320 .01042 .01042 .01042 .01042
  .01031 .01031 .01031 .01031 .01031 .01031 .01031 .01031 .01031 .01031
  .01031 .01031 .01031 .01031 .01031 .01031 .01031 .01031 .01031 .01031
  .01031 .01031 .01031 .01031 .01031 .01031 .01031 .01031 .01031 .01031
  97  16   1  0.000000
 100  2.000000 -8268.9000
 200  2.000000 -1455.0000
 210  6.000000 -1411.9000
 300  2.000000  -374.6200
 310  6.000000  -352.9900
 320 10.000000  -312.2500
 400  2.000000   -97.7200
 410  6.000000   -87.4400
 420 10.000000   -68.1270
 430 14.000000   -41.0930
 500  2.000000   -21.5230
 510  6.000000   -17.3700
 520 10.000000    -9.9890
 530  9.000000    -1.3438
 600  2.000000    -3.0885
 610  6.000000    -1.9327
 700  2.000000    -0.3438
  -1