CONT     POT     RAD
TENNESSINE
   0 0.001  0.000001 441   1  50   0   0.000000000   1.000000000   1.00000
 1.00000 .98804 .97597 .96405 .95241 .94106 .93001 .91926 .90879 .89861
  .88870 .86966 .85156 .83425 .81762 .80161 .78617 .77126 .75685 .74291
  .72943 .70375 .67968 .65707 .63577 .61564 .59655 .57841 .56114 .54466
  .52893 .49951 .47255 .44783 .42514 .40427 .38499 .36712 .35053 .33510
  .32072 .29472 .27180 .25138 .23309 .21668 .20194 .18859 .17639 .16517
  .15482 .13641 .12074 .10745 .09616 .08656 .07838 .07136 .06533 .06012
  .05558 .04810 .04220 .03745 .03353 .03024 .02745 .02505 .02298 .02119
  .01964 .01716 .01533 .01397 .01291 .01205 .00971 .00971 .00971 .00971
  .00971 .00971 .00971 .00971 .00971 .00971 .00971 .00971 .00971 .00971
  .00971 .00971 .00971 .00971 .00971 .00971 .00971 .00971 .00971 .00971
  .00971 .00971 .00971 .00971 .00971 .00971 .00971 .00971 .00971 .00971
 117 18   1  0.000000
 100  2.000000 -9364.3000
 200  2.000000 -1667.1000
 210  6.000000 -1620.9000
 300  2.000000  -437.3300
 310  6.000000  -413.7800
 320 10.000000  -369.4100
 400  2.000000  -117.3100
 410  6.000000  -105.9000
 420 10.000000   -84.3730
 430 14.000000   -54.0800
 500  2.000000   -26.1410
 510  6.000000   -21.3600
 520 10.000000   -12.7650
 530 14.000000    -2.3011
 600  2.000000    -3.6731
 610  6.000000    -2.3183
 620 10.000000    -1.4100
 700  2.000000    -0.4358
 710  5.000000    -0.3859
  -1