CONT     POT     RAD
ACTINIUM
   0 0.001  0.000001 441   1  50   0   0.000000000   1.000000000   1.00000
 1.00000 .98825 .97636 .96458 .95304 .94178 .93080 .92010 .90968 .89952
  .88962 .87059 .85251 .83525 .81871 .80279 .78744 .77261 .75827 .74440
  .73097 .70536 .68130 .65869 .63740 .61731 .59831 .58027 .56311 .54675
  .53113 .50191 .47505 .45030 .42745 .40636 .38688 .36885 .35210 .33651
  .32196 .29570 .27279 .25273 .23507 .21940 .20540 .19286 .18161 .17150
  .16235 .14638 .13278 .12097 .11065 .10157 .09355 .08645 .08015 .07458
  .06964 .06138 .05480 .04940 .04484 .04090 .03746 .03442 .03173 .02933
  .02719 .02360 .02078 .01860 .01691 .01559 .01213 .01213 .01213 .01213
  .01124 .01124 .01124 .01124 .01124 .01124 .01124 .01124 .01124 .01124
  .01124 .01124 .01124 .01124 .01124 .01124 .01124 .01124 .01124 .01124
  .01124 .01124 .01124 .01124 .01124 .01124 .01124 .01124 .01124 .01124
  89  15   2  0.000000
 100  2.000000 -6915.0000
 200  2.000000 -1195.2000
 210  6.000000 -1156.4000
 300  2.000000  -298.8900
 310  6.000000  -279.7700
 320 10.000000  -243.7700
 400  2.000000   -74.3940
 410  6.000000   -65.6070
 420 10.000000   -49.1650
 430 14.000000   -26.4020
 500  2.000000   -16.2810
 510  6.000000   -12.9460
 520 10.000000    -7.1470
 600  2.000000    -2.6951
 610  6.000000    -1.7506
 620  1.000000    -0.4294
 700  2.000000    -0.3408
  -1