CONT     POT     RAD
TITANIUM
   0 0.001  0.00001 441   1  50   0   0.000000000   1.000000000   1.00000
 1.00000 .99064 .98104 .97131 .96152 .95175 .94203 .93241 .92291 .91354
  .90431 .88632 .86894 .85215 .83593 .82025 .80509 .79044 .77628 .76261
  .74942 .72444 .70120 .67951 .65916 .63996 .62179 .60453 .58811 .57247
  .55756 .52975 .50432 .48095 .45933 .43922 .42041 .40279 .38626 .37078
  .35633 .33040 .30794 .28819 .27043 .25420 .23923 .22539 .21258 .20074
  .18981 .17043 .15391 .13977 .12759 .11703 .10783 .09981 .09283 .08676
  .08151 .07305 .06669 .06174 .05772 .05430 .05129 .04858 .04611 .04545
  .04545 .04545 .04545 .04545 .04545 .04545 .04545 .04545 .04545 .04545
  .04545 .04545 .04545 .04545 .04545 .04545 .04545 .04545 .04545 .04545
  .04545 .04545 .04545 .04545 .04545 .04545 .04545 .04545 .04545 .04545
  .04545 .04545 .04545 .04545 .04545 .04545 .04545 .04545 .04545 .04545
  22   5   2  0.000000
 100  2.000000  -360.7700
 200  2.000000   -40.5210
 210  6.000000   -34.2790
 300  2.000000    -4.9831
 310  6.000000    -3.2760
 320  2.000000    -0.6279
 400  2.000000    -0.4578
  -1