CONT     POT     RAD
ERBIUM
   0 0.001  0.00001 441   1  50   0   0.000000000   1.000000000   1.00000
 1.00000 .98862 .97705 .96554 .95419 .94308 .93221 .92160 .91124 .90113
  .89125 .87218 .85403 .83672 .82018 .80431 .78904 .77430 .76004 .74624
  .73287 .70732 .68325 .66052 .63905 .61876 .59957 .58141 .56419 .54782
  .53223 .50311 .47643 .45185 .42912 .40800 .38830 .36988 .35263 .33650
  .32140 .29399 .26969 .24791 .22831 .21068 .19487 .18069 .16799 .15660
  .14637 .12883 .11446 .10258 .09270 .08440 .07736 .07130 .06603 .06141
  .05732 .05040 .04476 .04009 .03614 .03278 .02990 .02745 .02537 .02363
  .02218 .01998 .01842 .01722 .01620 .01531 .01471 .01471 .01471 .01471
  .01471 .01471 .01471 .01471 .01471 .01471 .01471 .01471 .01471 .01471
  .01471 .01471 .01471 .01471 .01471 .01471 .01471 .01471 .01471 .01471
  .01471 .01471 .01471 .01471 .01471 .01471 .01471 .01471 .01471 .01471
  68  12   1  0.000000
 100  2.000000 -3945.2000
 200  2.000000  -639.3800
 210  6.000000  -611.4400
 300  2.000000  -143.0100
 310  6.000000  -130.1600
 320 10.000000  -106.0000
 400  2.000000   -27.7970
 410  6.000000   -22.5720
 420 10.000000   -13.0990
 430 12.000000    -1.1418
 500  2.000000    -3.5937
 510  6.000000    -2.1908
 600  2.000000    -0.3731
  -1