CONT     POT     RAD
CERIUM
   0 0.001  0.00001 441   1  50   0   0.000000000   1.000000000   1.00000
 1.00000 .98892 .97764 .96637 .95523 .94429 .93358 .92311 .91288 .90287
  .89309 .87420 .85616 .83894 .82250 .80677 .79167 .77712 .76307 .74948
  .73632 .71118 .68750 .66514 .64401 .62400 .60507 .58715 .57018 .55410
  .53884 .51052 .48474 .46114 .43945 .41945 .40093 .38370 .36759 .35249
  .33831 .31246 .28972 .26965 .25171 .23544 .22057 .20693 .19442 .18296
  .17245 .15399 .13840 .12515 .11387 .10426 .09605 .08902 .08292 .07756
  .07279 .06464 .05786 .05211 .04718 .04291 .03919 .03594 .03311 .03067
  .02859 .02534 .02304 .02136 .02002 .01888 .01724 .01724 .01724 .01724
  .01724 .01724 .01724 .01724 .01724 .01724 .01724 .01724 .01724 .01724
  .01724 .01724 .01724 .01724 .01724 .01724 .01724 .01724 .01724 .01724
  .01724 .01724 .01724 .01724 .01724 .01724 .01724 .01724 .01724 .01724
  58  11   2  0.000000
 100  2.000000 -2830.8000
 200  2.000000  -443.3000
 210  6.000000  -420.3000
 300  2.000000   -96.4300
 310  6.000000   -86.3200
 320 10.000000   -67.3200
 400  2.000000   -19.8200
 410  6.000000   -16.0000
 420 10.000000    -9.2150
 500  2.000000    -3.0670
 510  6.000000    -1.9900
 430  2.000000    -1.2360
 600  2.000000    -0.3623
  -1