CONT     POT     RAD
GOLD
   0 0.001  0.000001 441   1  50   0   0.000000000   1.000000000   1.00000
 1.00000 .98837 .97657 .96486 .95336 .94212 .93114 .92044 .90999 .89980
  .88986 .87072 .85252 .83516 .81854 .80256 .78716 .77227 .75787 .74393
  .73043 .70464 .68035 .65746 .63587 .61549 .59622 .57795 .56057 .54401
  .52820 .49861 .47141 .44628 .42299 .40135 .38122 .36251 .34510 .32887
  .31368 .28606 .26165 .24008 .22103 .20419 .18925 .17592 .16396 .15318
  .14343 .12655 .11253 .10072 .09059 .08178 .07406 .06727 .06128 .05600
  .05134 .04359 .03749 .03265 .02876 .02561 .02301 .02086 .01904 .01750
  .01619 .01407 .01266 .01266 .01266 .01266 .01266 .01266 .01266 .01266
  .01266 .01266 .01266 .01266 .01266 .01266 .01266 .01266 .01266 .01266
  .01266 .01266 .01266 .01266 .01266 .01266 .01266 .01266 .01266 .01266
  .01266 .01266 .01266 .01266 .01266 .01266 .01266 .01266 .01266 .01266
  79  13   1  0.000000
 100  2.000000 -5392.1000
 200  2.000000  -903.9800
 210  6.000000  -870.4300
 300  2.000000  -212.8100
 310  6.000000  -196.7500
 320 10.000000  -166.5200
 400  2.000000   -45.5570
 410  6.000000   -38.5460
 420 10.000000   -25.5650
 430 14.000000    -8.0440
 500  2.000000    -6.6945
 510  6.000000    -4.4370
 520 10.000000    -0.9200
 600  1.000000    -0.4775
  -1