CONT     POT     RAD
PROTACTINIUM
   0 0.001  0.000001 441   1  50   0   0.000000000   1.000000000   1.00000
 1.00000 .98822 .97630 .96451 .95296 .94169 .93070 .92000 .90957 .89941
  .88951 .87049 .85242 .83516 .81862 .80269 .78734 .77250 .75816 .74429
  .73086 .70526 .68122 .65862 .63735 .61728 .59829 .58026 .56310 .54674
  .53113 .50190 .47505 .45032 .42751 .40648 .38707 .36910 .35241 .33687
  .32238 .29626 .27348 .25352 .23589 .22020 .20616 .19358 .18228 .17209
  .16284 .14658 .13261 .12047 .10985 .10053 .09233 .08510 .07872 .07309
  .06813 .05984 .05321 .04776 .04316 .03921 .03578 .03278 .03014 .02780
  .02574 .02230 .01964 .01761 .01605 .01483 .01159 .01159 .01159 .01159
  .01099 .01099 .01099 .01099 .01099 .01099 .01099 .01099 .01099 .01099
  .01099 .01099 .01099 .01099 .01099 .01099 .01099 .01099 .01099 .01099
  .01099 .01099 .01099 .01099 .01099 .01099 .01099 .01099 .01099 .01099
  91  17   1  0.000000
 100  2.000000 -7242.8000
 200  2.000000 -1258.0000
 210  6.000000 -1218.1000
 300  2.000000  -317.2800
 310  6.000000  -297.5300
 320 10.000000  -260.3500
 400  2.000000   -80.2200
 410  6.000000   -71.0640
 420 10.000000   -53.9100
 430 14.000000   -30.0880
 500  2.000000   -17.7670
 510  6.000000   -14.2240
 520 10.000000    -8.0190
 530  2.000000    -1.0672
 600  2.000000    -2.8808
 610  6.000000    -1.8678
 620  1.000000    -0.4449
 700  2.000000    -0.3492
  -1