CONT     POT     RAD
SAMARIUM
   0 0.001  0.00001 441   1  50   0   0.000000000   1.000000000   1.00000
 1.00000 .98880 .97741 .96604 .95483 .94382 .93305 .92253 .91226 .90221
  .89240 .87345 .85538 .83815 .82169 .80593 .79078 .77618 .76206 .74841
  .73518 .70991 .68611 .66364 .64240 .62232 .60332 .58535 .56834 .55220
  .53687 .50835 .48230 .45841 .43639 .41603 .39709 .37942 .36286 .34732
  .33275 .30630 .28301 .26228 .24358 .22659 .21112 .19705 .18427 .17267
  .16212 .14380 .12853 .11572 .10494 .09583 .08809 .08143 .07565 .07055
  .06602 .05830 .05195 .04663 .04210 .03822 .03486 .03195 .02946 .02734
  .02555 .02281 .02088 .01943 .01826 .01724 .01613 .01613 .01613 .01613
  .01613 .01613 .01613 .01613 .01613 .01613 .01613 .01613 .01613 .01613
  .01613 .01613 .01613 .01613 .01613 .01613 .01613 .01613 .01613 .01613
  .01613 .01613 .01613 .01613 .01613 .01613 .01613 .01613 .01613 .01613
  62  12   1  0.000000
 100  2.000000 -3254.1000
 200  2.000000  -517.2300
 210  6.000000  -492.2600
 300  2.000000  -113.7600
 310  6.000000  -102.5700
 320 10.000000   -81.5390
 400  2.000000   -22.5910
 410  6.000000   -18.2260
 420 10.000000   -10.4180
 430  6.000000    -0.9642
 500  2.000000    -3.1491
 510  6.000000    -1.9660
 600  2.000000    -0.3530
  -1