CONT     POT     RAD
HOLMIUM
   0 0.001  0.000001 441   1  50   0   0.000000000   1.000000000   1.00000
 1.00000 .98865 .97711 .96562 .95430 .94320 .93236 .92176 .91142 .90132
  .89145 .87241 .85427 .83698 .82046 .80461 .78937 .77465 .76042 .74665
  .73330 .70781 .68379 .66111 .63969 .61944 .60029 .58217 .56500 .54868
  .53314 .50414 .47758 .45314 .43054 .40956 .38999 .37169 .35455 .33851
  .32350 .29626 .27213 .25051 .23103 .21347 .19766 .18347 .17072 .15927
  .14896 .13126 .11672 .10468 .09464 .08621 .07904 .07289 .06753 .06283
  .05866 .05160 .04585 .04107 .03704 .03359 .03064 .02812 .02597 .02418
  .02268 .02040 .01879 .01755 .01652 .01560 .01493 .01493 .01493 .01493
  .01493 .01493 .01493 .01493 .01493 .01493 .01493 .01493 .01493 .01493
  .01493 .01493 .01493 .01493 .01493 .01493 .01493 .01493 .01493 .01493
  .01493 .01493 .01493 .01493 .01493 .01493 .01493 .01493 .01493 .01493
  67  12   1  0.000000
 100  2.000000 -3825.4000
 200  2.000000  -618.1400
 210  6.000000  -590.7000
 300  2.000000  -137.9400
 310  6.000000  -125.3600
 320 10.000000  -101.7300
 400  2.000000   -26.9070
 410  6.000000   -21.8290
 420 10.000000   -12.6420
 430 11.000000    -1.1170
 500  2.000000    -3.5194
 510  6.000000    -2.1538
 600  2.000000    -0.3697
  -1