CONT     POT     RAD
BROMINE
   0 0.001  0.000001 441   1  50   0   0.000000000   1.000000000   1.00000
 1.00000 .98963 .97902 .96833 .95767 .94710 .93667 .92641 .91634 .90645
  .89675 .87792 .85979 .84235 .82556 .80941 .79390 .77899 .76466 .75085
  .73754 .71219 .68833 .66575 .64434 .62398 .60459 .58611 .56845 .55155
  .53537 .50497 .47697 .45120 .42749 .40564 .38542 .36662 .34908 .33266
  .31728 .28939 .26495 .24356 .22483 .20636 .19380 .18085 .16924 .15879
  .14934 .13301 .11956 .10843 .09920 .09135 .08454 .07852 .07315 .06831
  .06392 .05631 .04997 .04465 .04014 .03628 .03294 .03004 .02857 .02857
  .02857 .02857 .02857 .02857 .02857 .02857 .02857 .02857 .02857 .02857
  .02857 .02857 .02857 .02857 .02857 .02857 .02857 .02857 .02857 .02857
  .02857 .02857 .02857 .02857 .02857 .02857 .02857 .02857 .02857 .02857
  .02857 .02857 .02857 .02857 .02857 .02857 .02857 .02857 .02857 .02857
  35   6   2  0.000000
 100  2.000000  -970.7000
 200  2.000000  -126.2400
 210  6.000000  -114.4300
 300  2.000000   -17.8570
 310  6.000000   -13.6110
 320 10.000000    -5.9254
 400  2.000000    -1.7185
 410  5.000000    -0.8247
  -1