CONT     POT     RAD
CESIUM
   0 0.001  0.000001 441   1  50   0   0.000000000   1.000000000   1.00000
 1.00000 .98899 .97777 .96655 .95545 .94454 .93385 .92340 .91317 .90317
  .89340 .87449 .85642 .83916 .82268 .80691 .79178 .77721 .76315 .74956
  .73638 .71123 .68752 .66513 .64395 .62389 .60488 .58686 .56979 .55360
  .53825 .50977 .48387 .46018 .43843 .41840 .39988 .38271 .36670 .35172
  .33765 .31196 .28923 .26918 .25141 .23543 .22086 .20749 .19517 .18381
  .17335 .15484 .13909 .12563 .11406 .10409 .09551 .08814 .08179 .07627
  .07142 .06326 .05656 .05093 .04613 .04198 .03837 .03520 .03239 .02989
  .02766 .02391 .02101 .01884 .01818 .01818 .01818 .01818 .01818 .01818
  .01818 .01818 .01818 .01818 .01818 .01818 .01818 .01818 .01818 .01818
  .01818 .01818 .01818 .01818 .01818 .01818 .01818 .01818 .01818 .01818
  .01818 .01818 .01818 .01818 .01818 .01818 .01818 .01818 .01818 .01818
  55  11   1  0.000000
 100  2.000000 -2530.9000
 200  2.000000  -389.5300
 210  6.000000  -368.0300
 300  2.000000   -81.9100
 310  6.000000   -72.6000
 320 10.000000   -55.1380
 400  2.000000   -15.7930
 410  6.000000   -12.3880
 420 10.000000    -6.4370
 500  2.000000    -2.1187
 510  6.000000    -1.2543
 600  1.000000    -0.2620
  -1