CONT     POT     RAD
NOBELIUM
   0 0.001  0.000001 441   1  50   0   0.000000000   1.000000000   0.70000
 1.00000 .98806 .97600 .96409 .95245 .94112 .93008 .91933 .90887 .89868
  .88877 .86974 .85164 .83434 .81773 .80173 .78630 .77139 .75699 .74307
  .72959 .70392 .67986 .65725 .63597 .61585 .59678 .57865 .56139 .54494
  .52922 .49982 .47288 .44816 .42547 .40459 .38531 .36745 .35087 .33544
  .32106 .29510 .27225 .25191 .23370 .21737 .20270 .18944 .17735 .16623
  .15597 .13770 .12211 .10883 .09753 .08789 .07965 .07257 .06648 .06120
  .05660 .04901 .04303 .03819 .03419 .03084 .02799 .02555 .02343 .02160
  .02001 .01746 .01558 .01418 .01310 .01222 .00980 .00980 .00980 .00980
  .00980 .00980 .00980 .00980 .00980 .00980 .00980 .00980 .00980 .00980
  .00980 .00980 .00980 .00980 .00980 .00980 .00980 .00980 .00980 .00980
  .00980 .00980 .00980 .00980 .00980 .00980 .00980 .00980 .00980 .00980
 102 16   1  0.000000
 100  2.000000 -9176.6000
 200  2.000000 -1630.3000
 210  6.000000 -1584.6000
 300  2.000000  -426.0600
 310  6.000000  -402.8400
 320 10.000000  -359.0800
 400  2.000000  -113.4600
 410  6.000000  -102.2400
 420 10.000000   -81.0890
 430 14.000000   -51.3400
 500  2.000000   -24.9060
 510  6.000000   -20.2370
 520 10.000000   -11.8600
 530 14.000000    -1.7616
 600  2.000000    -3.3570
 610  6.000000    -2.0700
 700  2.000000    -0.3552
  -1