CONT     POT     RAD
RUBIDIUM
   0 0.001  0.000001 441   1  50   0   0.000000000   1.000000000   1.00000
 1.00000 .98955 .97886 .96810 .95738 .94676 .93629 .92600 .91590 .90600
  .89629 .87744 .85931 .84188 .82512 .80902 .79356 .77872 .76444 .75070
  .73742 .71214 .68831 .66577 .64438 .62406 .60471 .58626 .56864 .55179
  .53566 .50540 .47762 .45215 .42877 .40723 .38728 .36874 .35144 .33530
  .32022 .29301 .26930 .24862 .23049 .21449 .20026 .18752 .17605 .16570
  .15637 .14035 .12729 .11645 .10722 .09918 .09206 .08570 .07998 .07483
  .07017 .06211 .05540 .04972 .04487 .04070 .03710 .03402 .03142 .02926
  .02750 .02703 .02703 .02703 .02703 .02703 .02703 .02703 .02703 .02703
  .02703 .02703 .02703 .02703 .02703 .02703 .02703 .02703 .02703 .02703
  .02703 .02703 .02703 .02703 .02703 .02703 .02703 .02703 .02703 .02703
  .02703 .02703 .02703 .02703 .02703 .02703 .02703 .02703 .02703 .02703
  37   8   1  0.000000
 100  2.000000 -1092.9000
 200  2.000000  -145.6800
 210  6.000000  -132.9400
 300  2.000000   -22.2030
 310  6.000000   -17.4870
 320 10.000000    -8.8690
 400  2.000000    -2.6124
 410  6.000000    -1.4775
 500  1.000000    -0.2905
  -1