CONT     POT     RAD
SCANDIUM
   0 0.001  0.000001 441   1  50   0   0.000000000   1.000000000   1.00000
 1.00000 .99073 .98122 .97158 .96187 .95217 .94252 .93296 .92350 .91418
  .90499 .88706 .86973 .85299 .83680 .82116 .80602 .79138 .77722 .76353
  .75032 .72527 .70196 .68022 .65985 .64066 .62252 .60530 .58892 .57333
  .55847 .53076 .50546 .48226 .46085 .44100 .42246 .40510 .38880 .37349
  .35914 .33327 .31092 .29147 .27423 .25859 .24421 .23088 .21850 .20698
  .19629 .17717 .16070 .14648 .13413 .12334 .11386 .10551 .09817 .09174
  .08613 .07708 .07034 .06521 .06113 .05771 .05471 .05201 .04953 .04762
  .04762 .04762 .04762 .04762 .04762 .04762 .04762 .04762 .04762 .04762
  .04762 .04762 .04762 .04762 .04762 .04762 .04762 .04762 .04762 .04762
  .04762 .04762 .04762 .04762 .04762 .04762 .04762 .04762 .04762 .04762
  .04762 .04762 .04762 .04762 .04762 .04762 .04762 .04762 .04762 .04762
  21   5   2  0.000000
 100  2.000000  -326.2900
 200  2.000000   -35.9730
 210  6.000000   -30.1300
 300  2.000000    -4.4308
 310  6.000000    -2.8831
 320  1.000000    -0.5308
 400  2.000000    -0.4309
  -1