CONT     POT     RAD
XENON
   0 0.001  0.00001 441   1  50   0   0.000000000   1.000000000   1.00000
 1.00000 .98900 .97779 .96658 .95549 .94457 .93388 .92342 .91319 .90318
  .89339 .87446 .85636 .83907 .82254 .80674 .79157 .77697 .76288 .74926
  .73606 .71084 .68708 .66462 .64338 .62325 .60416 .58605 .56889 .55261
  .53715 .50849 .48243 .45858 .43668 .41650 .39786 .38056 .36446 .34940
  .33526 .30942 .26650 .26623 .24627 .23216 .21753 .20409 .19170 .18026
  .16970 .15099 .13506 .12144 .10972 .09959 .09082 .08324 .07669 .07100
  .06604 .05775 .05106 .04548 .04077 .03675 .03328 .03028 .02766 .02535
  .02331 .01967 .01852 .01852 .01852 .01852 .01852 .01852 .01852 .01852
  .01852 .01852 .01852 .01852 .01852 .01852 .01852 .01852 .01852 .01852
  .01852 .01852 .01852 .01852 .01852 .01852 .01852 .01852 .01852 .01852
  .01852 .01852 .01852 .01852 .01852 .01852 .01852 .01852 .01852 .01852
  54   9   2  0.000000
 100  2.000000 -2434.4000
 200  2.000000  -372.0500
 210  6.000000  -351.0500
 300  2.000000   -76.9450
 310  6.000000   -67.9100
 320 10.000000   -50.9550
 400  2.000000   -14.1840
 410  6.000000   -10.9230
 420 10.000000    -5.2570
 500  2.000000    -1.6004
 510  6.000000    -0.8368
  -1