CONT     POT     RAD
GERMANIUM
   0 0.001  0.00001 441   1  50   0   0.000000000   1.000000000   1.00000
 1.00000 .98979 .97933 .96879 .95825 .94779 .93745 .92727 .91726 .90743
  .89778 .87903 .86096 .84356 .82679 .81063 .79509 .78013 .76575 .75190
  .73855 .71319 .68936 .66685 .64549 .62520 .60587 .58743 .56983 .55299
  .53686 .50652 .47848 .45255 .42856 .40640 .38590 .36687 .34913 .33251
  .31691 .28840 .26314 .24081 .22113 .20382 .18857 .17513 .16323 .15265
  .14320 .12709 .11390 .10299 .09390 .08630 .07991 .07449 .06985 .06581
  .06224 .05619 .05116 .04687 .04314 .03988 .03699 .03442 .03214 .03125
  .03125 .03125 .03125 .03125 .03125 .03125 .03125 .03125 .03125 .03125
  .03125 .03125 .03125 .03125 .03125 .03125 .03125 .03125 .03125 .03125
  .03125 .03125 .03125 .03125 .03125 .03125 .03125 .03125 .03125 .03125
  .03125 .03125 .03125 .03125 .03125 .03125 .03125 .03125 .03125 .03125
  32   6   2  0.000000
 100  2.000000  -801.8000
 200  2.000000  -100.5100
 210  6.000000   -90.0500
 300  2.000000   -12.7620
 310  6.000000    -9.1970
 320 10.000000    -2.8901
 400  2.000000    -1.0571
 410  2.000000    -0.4683
  -1