CONT     POT     RAD
EINSTEINIUM
   0 0.001  0.000001 441   1  50   0   0.000000000   1.000000000   1.00000
 1.00000 .98810 .97608 .96421 .95260 .94128 .93026 .91952 .90907 .89890
  .88900 .86997 .85189 .83461 .81802 .80205 .78664 .77177 .75739 .74348
  .73003 .70439 .68034 .65776 .63650 .61641 .59738 .57929 .56208 .54566
  .52998 .50065 .47374 .44903 .42632 .40543 .38615 .36829 .35170 .33627
  .32190 .29600 .27328 .25316 .23519 .21908 .20462 .19160 .17979 .16898
  .15901 .14124 .12595 .11282 .10154 .09183 .08347 .07624 .06998 .06454
  .05978 .05190 .04564 .04056 .03635 .03280 .02978 .02718 .02492 .02296
  .02125 .01848 .01643 .01489 .01372 .01278 .01010 .01010 .01010 .01010
  .01010 .01010 .01010 .01010 .01010 .01010 .01010 .01010 .01010 .01010
  .01010 .01010 .01010 .01010 .01010 .01010 .01010 .01010 .01010 .01010
  .01010 .01010 .01010 .01010 .01010 .01010 .01010 .01010 .01010 .01010
  99  16   1  0.000000
 100  2.000000 -8626.4000
 200  2.000000 -1523.9000
 210  6.000000 -1479.8000
 300  2.000000  -394.8300
 310  6.000000  -372.5700
 320 10.000000  -330.6200
 400  2.000000  -103.9200
 410  6.000000   -93.2700
 420 10.000000   -73.2230
 430 14.000000   -45.1080
 500  2.000000   -22.8790
 510  6.000000   -18.5200
 520 10.000000   -10.7420
 530 11.000000    -1.5154
 600  2.000000    -3.2006
 610  6.000000    -1.9914
 700  2.000000    -0.3486
  -1