CONT     POT     RAD
TECHNETIUM
   0 0.001  0.00001 441   1  50   0   0.000000000   1.000000000   1.00000
 1.00000 .98933 .97844 .96749 .95661 .94588 .93531 .92495 .91480 .90485
  .89511 .87623 .85811 .84072 .82405 .80808 .79277 .77807 .76392 .75027
  .73706 .71186 .68808 .66558 .64426 .62401 .60474 .58638 .56888 .55218
  .53624 .50654 .47951 .45483 .43218 .41129 .39195 .37403 .35740 .34196
  .32761 .30182 .27928 .25937 .24160 .22566 .21135 .19852 .18702 .17667
  .16728 .15073 .13639 .12379 .11265 .10282 .09414 .08648 .07971 .07371
  .06839 .05946 .05236 .04669 .04213 .03843 .03537 .03282 .03064 .02875
  .02708 .02427 .02326 .02326 .02326 .02326 .02326 .02326 .02326 .02326
  .02326 .02326 .02326 .02326 .02326 .02326 .02326 .02326 .02326 .02326
  .02326 .02326 .02326 .02326 .02326 .02326 .02326 .02326 .02326 .02326
  .02326 .02326 .02326 .02326 .02326 .02326 .02326 .02326 .02326 .02326
  43   8   2  0.000000
 100  2.000000 -1504.6000
 200  2.000000  -212.9800
 210  6.000000  -197.4100
 300  2.000000   -37.7200
 310  6.000000   -31.5390
 320 10.000000   -20.0630
 400  2.000000    -5.5469
 410  6.000000    -3.6974
 420  6.000000    -0.8259
 500  1.000000    -0.4980
  -1