CONT     POT     RAD
CURIUM
   0 0.001  0.000001 441   1  50   0   0.000000000   1.000000000   0.70000
 1.00000 .98815 .97617 .96433 .95274 .94144 .93043 .91971 .90927 .89910
  .88921 .87019 .85211 .83485 .81828 .80233 .78695 .77209 .75773 .74385
  .73040 .70479 .68075 .65817 .63692 .61686 .59785 .57980 .56261 .54623
  .53058 .50130 .47443 .44971 .42698 .40605 .38674 .36886 .35225 .33680
  .32241 .29649 .27383 .25385 .23608 .22017 .20590 .19308 .18150 .17098
  .16131 .14410 .12925 .11639 .10525 .09558 .08718 .07987 .07350 .06793
  .06305 .05493 .04846 .04316 .03875 .03502 .03182 .02905 .02664 .02454
  .02270 .01969 .01743 .01574 .01445 .01342 .01058 .01058 .01058 .01058
  .01042 .01042 .01042 .01042 .01042 .01042 .01042 .01042 .01042 .01042
  .01042 .01042 .01042 .01042 .01042 .01042 .01042 .01042 .01042 .01042
  .01042 .01042 .01042 .01042 .01042 .01042 .01042 .01042 .01042 .01042
  96  17   1  0.000000
 100  2.000000 -8093.6000
 200  2.000000 -1421.6000
 210  6.000000 -1379.1000
 300  2.000000  -365.2100
 310  6.000000  -343.8900
 320 10.000000  -303.7500
 400  2.000000   -95.1600
 410  6.000000   -85.0780
 420 10.000000   -66.1260
 430 14.000000   -39.6330
 500  2.000000   -21.3080
 510  6.000000   -17.2510
 520 10.000000   -10.0500
 530  7.000000    -1.6156
 600  2.000000    -3.2515
 610  6.000000    -2.0876
 620  1.000000     -0.454
 700  2.000000    -0.3661
  -1