CONT     POT     RAD
SELENIUM
   0 0.001  0.00001 441   1  50   0   0.000000000   1.000000000   1.00000
 1.00000 .98968 .97912 .96848 .95786 .94732 .93693 .92669 .91664 .90677
  .89709 .87828 .86018 .84274 .82596 .80981 .79429 .77937 .76502 .75120
  .73788 .71253 .68868 .66613 .64473 .62439 .60503 .58656 .56892 .55204
  .53587 .50548 .47745 .45161 .42781 .40586 .38556 .36669 .34909 .33261
  .31715 .28905 .26434 .24268 .22369 .20702 .19232 .17930 .16769 .15728
  .14790 .13171 .11835 .10730 .09812 .09042 .08385 .07813 .07308 .06855
  .06445 .05732 .05132 .04623 .04187 .03811 .03483 .03196 .02944 .02941
  .02941 .02941 .02941 .02941 .02941 .02941 .02941 .02941 .02941 .02941
  .02941 .02941 .02941 .02941 .02941 .02941 .02941 .02941 .02941 .02941
  .02941 .02941 .02941 .02941 .02941 .02941 .02941 .02941 .02941 .02941
  .02941 .02941 .02941 .02941 .02941 .02941 .02941 .02941 .02941 .02941
  34   6   2  0.000000
 100  2.000000  -912.5000
 200  2.000000  -117.3000
 210  6.000000  -105.9500
 300  2.000000   -16.0740
 310  6.000000   -12.0580
 320 10.000000    -4.8340
 400  2.000000    -1.4953
 410  4.000000    -0.7015
  -1