CONT
Praseodymium +2 TEST CASE 1
   0 0.001   0.00001 521   1  40   0   0.000000000   1.000000000   1.00000
 1.00000 .98889 .97758 .96629 .95513 .94418 .93345 .92297 .91273 .90271
  .89293 .87402 .85597 .83876 .82232 .80658 .79147 .77691 .76285 .74925
  .73607 .71090 .68720 .66482 .64366 .62364 .60470 .58677 .56980 .55372
  .53845 .51010 .48427 .46061 .43885 .41878 .40017 .38283 .36662 .35142
  .33713 .31113 .28827 .26805 .24993 .23347 .21842 .20464 .19204 .18051
  .16998 .15151 .13596 .12280 .11163 .10213 .09404 .08709 .08107 .07577
  .07105 .06299 0.5630 .05066 .04583 .04165 .03801 .03485 .03211 .02976
  .02775 .02465 .02084 .01955 .01845 .01746 .01695 .01695 .01695 .01695
  .01695 .01695 .01695 .01695 .01695 .01695 .01695 .01695 .01695 .01695
  .01695 .01695 .01695 .01695 .01695 .01695 .01695 .01695 .01695 .01695
  .01695 .01695 .01695 .01695 .01695 .01695 .01695 .01695 .01695 .01695
 59.  11   1  2.000000
 100  2.000000 -3038.5
 200  2.000000  -460.82
 210  6.000000  -437.33
 300  2.000000  -100.12
 310  6.000000   -89.74
 320 10.000000   -70.247
 400  2.000000   -20.046
 410  6.000000   -16.093
 420 10.000000    -9.079
 500  2.000000    -2.9108
 510  6.000000    -1.8372
 430  3.000000    -0.8102
  -1
